,Date,Close,High,Low,Open,Volume
0,2018-08-21,3690.0,4044.0,3420.0,3600.0,455
1,2018-08-22,3780.0,3930.0,3708.0,3864.0,76
2,2018-08-23,3810.0,4074.0,3780.0,4074.0,46
3,2018-08-24,3816.0,3960.0,3780.0,3948.0,50
4,2018-08-27,3690.0,3900.0,3600.0,3900.0,59
5,2018-08-28,3582.0,3654.0,3240.0,3630.0,52
6,2018-08-29,3750.0,3900.0,3546.0,3654.0,136
7,2018-08-30,3702.0,3894.0,3666.0,3840.0,38
8,2018-08-31,3720.0,3738.0,3690.0,3738.0,27
9,2018-09-04,3774.0,3810.0,3732.0,3750.0,35
10,2018-09-05,3804.0,3810.0,3750.0,3750.0,53
11,2018-09-06,3900.0,3900.0,3840.0,3900.0,25
12,2018-09-07,3930.0,4080.0,3888.0,4080.0,23
13,2018-09-10,4200.0,4230.0,3912.0,4194.0,27
14,2018-09-11,4590.0,4770.0,4236.0,4236.0,134
15,2018-09-12,4674.0,4800.0,4518.0,4800.0,42
16,2018-09-13,4410.0,4770.0,3930.0,4770.0,60
17,2018-09-14,4344.0,4404.0,4200.0,4368.0,9
18,2018-09-17,4218.0,4482.0,4056.0,4404.0,14
19,2018-09-18,4404.0,4716.0,4182.0,4200.0,53
20,2018-09-19,4428.0,4620.0,4320.0,4620.0,14
21,2018-09-20,4530.0,4800.0,4356.0,4422.0,45
22,2018-09-21,4194.0,6000.0,3750.0,6000.0,11
23,2018-09-24,3954.0,4794.0,3900.0,4266.0,41
24,2018-09-25,3786.0,4200.0,3306.0,3924.0,29
25,2018-09-26,3918.0,4170.0,3744.0,3762.0,9
26,2018-09-27,4950.0,5184.0,3804.0,4104.0,117
27,2018-09-28,4776.0,5100.0,4344.0,5100.0,35
28,2018-10-01,4584.0,5100.0,4566.0,4740.0,11
29,2018-10-02,4578.0,4764.0,4380.0,4458.0,12
30,2018-10-03,4356.0,4428.0,4356.0,4398.0,7
31,2018-10-04,4098.0,4386.0,4050.0,4236.0,26
32,2018-10-05,4104.0,4122.0,4050.0,4050.0,13
33,2018-10-08,3918.0,4200.0,3900.0,3900.0,21
34,2018-10-09,4164.0,4194.0,3900.0,4050.0,29
35,2018-10-10,3948.0,4260.0,3900.0,4260.0,19
36,2018-10-11,4062.0,4062.0,3900.0,3900.0,7
37,2018-10-12,4170.0,4380.0,3900.0,4380.0,3
38,2018-10-15,3918.0,4110.0,3918.0,4110.0,1
39,2018-10-16,4044.0,4050.0,3978.0,4050.0,1
40,2018-10-17,4170.0,4194.0,3930.0,4194.0,9
41,2018-10-18,4140.0,4182.0,4140.0,4182.0,1
42,2018-10-19,4176.0,4200.0,3900.0,4086.0,18
43,2018-10-22,3942.0,4200.0,3900.0,4092.0,7
44,2018-10-23,3780.0,4026.0,3780.0,3822.0,44
45,2018-10-24,3750.0,3852.0,3750.0,3810.0,8
46,2018-10-25,3900.0,3900.0,3750.0,3810.0,6
47,2018-10-26,3828.0,4020.0,3780.0,4020.0,8
48,2018-10-29,4080.0,4194.0,3840.0,3840.0,17
49,2018-10-30,4080.0,4080.0,4080.0,4080.0,0
50,2018-10-31,3870.0,4050.0,3870.0,4050.0,2
51,2018-11-01,4032.0,4032.0,4032.0,4032.0,1
52,2018-11-02,4182.0,4182.0,3990.0,3990.0,1
53,2018-11-05,4272.0,4440.0,4260.0,4302.0,12
54,2018-11-06,4434.0,4620.0,4356.0,4494.0,5
55,2018-11-07,4314.0,4500.0,4260.0,4452.0,10
56,2018-11-08,4170.0,4350.0,4080.0,4314.0,13
57,2018-11-09,4110.0,4134.0,3756.0,3756.0,2
58,2018-11-12,4182.0,4482.0,3906.0,4200.0,8
59,2018-11-13,4170.0,4230.0,3990.0,4230.0,4
60,2018-11-14,4194.0,4194.0,4020.0,4020.0,1
61,2018-11-15,4212.0,4212.0,4134.0,4134.0,7
62,2018-11-16,4320.0,4350.0,4098.0,4098.0,5
63,2018-11-19,4206.0,4494.0,4050.0,4494.0,5
64,2018-11-20,4164.0,4182.0,4164.0,4182.0,1
65,2018-11-21,4080.0,4152.0,4068.0,4152.0,1
66,2018-11-23,4080.0,4080.0,4080.0,4080.0,0
67,2018-11-26,3900.0,4218.0,3900.0,4080.0,3
68,2018-11-27,3972.0,4200.0,3900.0,3900.0,9
69,2018-11-28,4230.0,4230.0,3918.0,4086.0,8
70,2018-11-29,4290.0,4290.0,4290.0,4290.0,1
71,2018-11-30,4194.0,4260.0,4080.0,4260.0,2
72,2018-12-03,4194.0,4194.0,4140.0,4170.0,3
73,2018-12-04,4080.0,4092.0,3960.0,4092.0,1
74,2018-12-06,3900.0,4080.0,3900.0,3978.0,2
75,2018-12-07,3906.0,3966.0,3906.0,3966.0,2
76,2018-12-10,3900.0,4002.0,3900.0,4002.0,3
77,2018-12-11,3894.0,3900.0,3894.0,3894.0,2
78,2018-12-12,3900.0,3900.0,3834.0,3900.0,5
79,2018-12-13,3900.0,3900.0,3900.0,3900.0,0
80,2018-12-14,3870.0,3906.0,3840.0,3906.0,60
81,2018-12-17,4056.0,4800.0,3900.0,3900.0,27
82,2018-12-18,4134.0,4470.0,4134.0,4470.0,28
83,2018-12-19,3906.0,4350.0,3906.0,4170.0,50
84,2018-12-20,3930.0,4320.0,3930.0,4050.0,37
85,2018-12-21,3072.0,4008.0,3030.0,3900.0,42
86,2018-12-24,3060.0,3336.0,3060.0,3336.0,4
87,2018-12-26,3000.0,3408.0,2556.0,3408.0,17
88,2018-12-27,3000.0,3000.0,2406.0,3000.0,13
89,2018-12-28,2940.0,3294.0,2940.0,3294.0,2
90,2018-12-31,3144.0,3174.0,2916.0,2916.0,5
91,2019-01-02,3120.0,3120.0,3120.0,3120.0,0
92,2019-01-03,3120.0,3120.0,3120.0,3120.0,0
93,2019-01-04,3012.0,3084.0,2466.0,3084.0,1
94,2019-01-07,3012.0,3012.0,3012.0,3012.0,1
95,2019-01-08,2850.0,3012.0,2784.0,2784.0,11
96,2019-01-09,2910.0,2910.0,2910.0,2910.0,1
97,2019-01-10,2910.0,2910.0,2910.0,2910.0,0
98,2019-01-11,2904.0,2904.0,2850.0,2850.0,3
99,2019-01-14,2700.0,3126.0,2604.0,3126.0,31
100,2019-01-15,2676.0,3150.0,2610.0,2868.0,16
101,2019-01-16,2700.0,3300.0,2700.0,2928.0,12
102,2019-01-17,2640.0,2700.0,2640.0,2700.0,8
103,2019-01-18,2688.0,2700.0,2532.0,2640.0,23
104,2019-01-22,2670.0,2940.0,2640.0,2670.0,15
105,2019-01-23,2658.0,2700.0,2652.0,2652.0,14
106,2019-01-24,2640.0,2700.0,2604.0,2604.0,7
107,2019-01-25,2646.0,2700.0,2622.0,2688.0,3
108,2019-01-28,2580.0,2748.0,2580.0,2748.0,17
109,2019-01-29,2430.0,2610.0,2418.0,2592.0,22
110,2019-01-30,2436.0,2538.0,2430.0,2454.0,2
111,2019-01-31,2460.0,2562.0,2460.0,2562.0,1
112,2019-02-01,2418.0,2454.0,2418.0,2454.0,6
113,2019-02-04,2442.0,2526.0,2418.0,2472.0,8
114,2019-02-05,2286.0,2490.0,2100.0,2484.0,27
115,2019-02-06,2544.0,2910.0,2334.0,2370.0,117
116,2019-02-07,2640.0,2688.0,2250.0,2544.0,28
117,2019-02-08,2454.0,2580.0,2454.0,2580.0,4
118,2019-02-11,2526.0,2700.0,2454.0,2454.0,12
119,2019-02-12,2400.0,2454.0,2388.0,2388.0,3
120,2019-02-13,2550.0,2550.0,2502.0,2544.0,2
121,2019-02-14,2568.0,2568.0,2526.0,2526.0,2
122,2019-02-15,2490.0,2568.0,2412.0,2412.0,3
123,2019-02-19,2550.0,2604.0,2442.0,2442.0,5
124,2019-02-20,2460.0,2460.0,2460.0,2460.0,2
125,2019-02-21,2412.0,2460.0,2412.0,2418.0,3
126,2019-02-22,2388.0,2400.0,2316.0,2388.0,6
127,2019-02-25,2484.0,2502.0,2286.0,2286.0,3
128,2019-02-26,2502.0,2514.0,2490.0,2490.0,1
129,2019-02-27,2502.0,2502.0,2502.0,2502.0,0
130,2019-02-28,2520.0,2520.0,2442.0,2442.0,2
131,2019-03-01,2550.0,2766.0,2460.0,2760.0,50
132,2019-03-04,2454.0,2628.0,2382.0,2628.0,12
133,2019-03-05,2928.0,3744.0,2454.0,2586.0,372
134,2019-03-06,2790.0,3000.0,2586.0,2910.0,181
135,2019-03-07,2628.0,3120.0,2586.0,3018.0,119
136,2019-03-08,2634.0,2790.0,2454.0,2610.0,19
137,2019-03-11,2496.0,2790.0,2352.0,2496.0,33
138,2019-03-12,2610.0,2652.0,2442.0,2442.0,49
139,2019-03-13,2598.0,2652.0,2520.0,2526.0,14
140,2019-03-14,2520.0,2916.0,2466.0,2916.0,31
141,2019-03-15,3000.0,3324.0,2334.0,2460.0,247
142,2019-03-18,2910.0,3000.0,2820.0,3000.0,58
143,2019-03-19,2790.0,2868.0,2790.0,2850.0,13
144,2019-03-20,2826.0,3108.0,2718.0,3108.0,16
145,2019-03-21,2658.0,2850.0,2580.0,2790.0,145
146,2019-03-22,2844.0,2844.0,2844.0,2844.0,0
147,2019-03-25,2610.0,2844.0,2610.0,2814.0,15
148,2019-03-26,2466.0,2850.0,2466.0,2688.0,107
149,2019-03-27,2526.0,2526.0,2292.0,2520.0,18
150,2019-03-28,2550.0,2880.0,2538.0,2790.0,5
151,2019-03-29,2616.0,2712.0,2580.0,2712.0,16
152,2019-04-01,2604.0,2688.0,2520.0,2526.0,6
153,2019-04-02,2700.0,2700.0,2622.0,2700.0,2
154,2019-04-03,2682.0,2682.0,2640.0,2640.0,1
155,2019-04-04,2682.0,2682.0,2682.0,2682.0,0
156,2019-04-05,2664.0,2670.0,2586.0,2652.0,3
157,2019-04-08,2628.0,2694.0,2598.0,2688.0,14
158,2019-04-09,2616.0,2640.0,2580.0,2580.0,12
159,2019-04-10,2580.0,2700.0,2562.0,2646.0,11
160,2019-04-11,2598.0,2640.0,2550.0,2556.0,6
161,2019-04-12,2388.0,2628.0,2292.0,2616.0,66
162,2019-04-15,2340.0,2460.0,2334.0,2382.0,9
163,2019-04-16,2316.0,2346.0,2292.0,2346.0,37
164,2019-04-17,2334.0,2640.0,2322.0,2640.0,9
165,2019-04-18,2496.0,2496.0,2358.0,2358.0,17
166,2019-04-22,2502.0,2520.0,2400.0,2520.0,6
167,2019-04-23,2502.0,2502.0,2502.0,2502.0,0
168,2019-04-24,2472.0,2472.0,2430.0,2460.0,2
169,2019-04-25,2418.0,2418.0,2418.0,2418.0,0
170,2019-04-26,2508.0,2574.0,2400.0,2400.0,16
171,2019-04-29,2418.0,2508.0,2418.0,2508.0,1
172,2019-04-30,2472.0,2760.0,2304.0,2472.0,37
173,2019-05-01,2418.0,2508.0,2340.0,2508.0,10
174,2019-05-02,2370.0,2370.0,2340.0,2340.0,3
175,2019-05-03,2400.0,2628.0,2400.0,2400.0,14
176,2019-05-06,2346.0,2418.0,2304.0,2418.0,10
177,2019-05-07,2358.0,2364.0,2232.0,2352.0,13
178,2019-05-08,2328.0,2328.0,2298.0,2316.0,6
179,2019-05-09,2196.0,2352.0,2190.0,2262.0,15
180,2019-05-10,2064.0,2220.0,2064.0,2208.0,35
181,2019-05-13,1992.0,2100.0,1632.0,2070.0,16
182,2019-05-14,1932.0,1938.0,1770.0,1890.0,11
183,2019-05-15,1764.0,1920.0,1758.0,1866.0,4
184,2019-05-16,1890.0,1890.0,1800.0,1800.0,5
185,2019-05-17,1890.0,1968.0,1812.0,1812.0,6
186,2019-05-20,1848.0,1908.0,1848.0,1908.0,4
187,2019-05-21,1890.0,1890.0,1830.0,1830.0,4
188,2019-05-22,1836.0,1890.0,1836.0,1890.0,2
189,2019-05-23,1860.0,1860.0,1818.0,1842.0,6
190,2019-05-24,1800.0,1866.0,1800.0,1806.0,7
191,2019-05-28,1812.0,1842.0,1812.0,1818.0,2
192,2019-05-29,1800.0,1836.0,1800.0,1806.0,4
193,2019-05-30,1812.0,1854.0,1812.0,1854.0,2
194,2019-05-31,1806.0,1830.0,1800.0,1800.0,4
195,2019-06-03,1806.0,1824.0,1800.0,1800.0,5
196,2019-06-04,1668.0,1800.0,1650.0,1800.0,43
197,2019-06-05,1734.0,1734.0,1650.0,1650.0,1
198,2019-06-06,1668.0,1734.0,1656.0,1662.0,9
199,2019-06-07,1674.0,1776.0,1674.0,1674.0,1
200,2019-06-10,1650.0,1782.0,1650.0,1782.0,8
201,2019-06-11,1662.0,1662.0,1650.0,1650.0,1
202,2019-06-12,1656.0,1656.0,1650.0,1650.0,1
203,2019-06-13,1806.0,1890.0,1662.0,1782.0,14
204,2019-06-14,1740.0,2808.0,1650.0,1800.0,749
205,2019-06-17,1548.0,1770.0,1500.0,1770.0,66
206,2019-06-18,1590.0,1716.0,1500.0,1518.0,83
207,2019-06-19,1506.0,1638.0,1500.0,1638.0,15
208,2019-06-20,1524.0,1614.0,1500.0,1614.0,19
209,2019-06-21,1602.0,1614.0,1584.0,1596.0,9
210,2019-06-24,1560.0,1596.0,1560.0,1590.0,13
211,2019-06-25,1500.0,1572.0,1500.0,1530.0,6
212,2019-06-26,1494.0,1584.0,1464.0,1494.0,27
213,2019-06-27,1476.0,1524.0,1464.0,1524.0,14
214,2019-06-28,1470.0,1548.0,1434.0,1434.0,14
215,2019-07-01,1506.0,1560.0,1470.0,1470.0,7
216,2019-07-02,1464.0,1542.0,1464.0,1506.0,11
217,2019-07-03,1416.0,1464.0,1410.0,1464.0,17
218,2019-07-05,1422.0,1446.0,1410.0,1410.0,6
219,2019-07-08,1488.0,1590.0,1476.0,1590.0,3
220,2019-07-09,1554.0,1602.0,1554.0,1602.0,3
221,2019-07-10,1548.0,1590.0,1512.0,1560.0,18
222,2019-07-11,1560.0,1602.0,1560.0,1566.0,3
223,2019-07-12,1560.0,1608.0,1560.0,1608.0,5
224,2019-07-15,1512.0,1614.0,1512.0,1614.0,13
225,2019-07-16,1518.0,1524.0,1518.0,1524.0,3
226,2019-07-17,1518.0,1518.0,1518.0,1518.0,0
227,2019-07-18,1560.0,1560.0,1530.0,1530.0,1
228,2019-07-19,1590.0,1590.0,1590.0,1590.0,1
229,2019-07-22,1590.0,1602.0,1560.0,1560.0,4
230,2019-07-23,1584.0,1584.0,1560.0,1560.0,1
231,2019-07-24,1680.0,1680.0,1596.0,1596.0,4
232,2019-07-25,1680.0,1752.0,1680.0,1752.0,5
233,2019-07-26,1650.0,1752.0,1542.0,1752.0,3
234,2019-07-29,1602.0,1656.0,1500.0,1500.0,23
235,2019-07-30,1422.0,1740.0,1368.0,1722.0,37
236,2019-07-31,1566.0,1722.0,1524.0,1686.0,12
237,2019-08-01,1404.0,1722.0,1404.0,1710.0,15
238,2019-08-02,1398.0,1404.0,1206.0,1404.0,25
239,2019-08-05,1350.0,1506.0,1350.0,1398.0,23
240,2019-08-06,1374.0,1530.0,1350.0,1530.0,37
241,2019-08-07,1332.0,1338.0,1320.0,1320.0,2
242,2019-08-08,1266.0,1416.0,1260.0,1416.0,6
243,2019-08-09,1140.0,1236.0,1140.0,1230.0,24
244,2019-08-12,1182.0,1254.0,1140.0,1188.0,13
245,2019-08-13,1182.0,1350.0,1020.0,1188.0,167
246,2019-08-14,1116.0,1194.0,864.0,864.0,21
247,2019-08-15,1008.0,1188.0,948.0,1188.0,35
248,2019-08-16,1092.0,1164.0,960.0,1074.0,13
249,2019-08-19,978.0,1092.0,966.0,1050.0,23
250,2019-08-20,1140.0,1140.0,900.0,984.0,50
251,2019-08-21,1026.0,1152.0,966.0,1152.0,43
252,2019-08-22,1044.0,1044.0,960.0,1002.0,27
253,2019-08-23,960.0,972.0,930.0,966.0,12
254,2019-08-26,906.0,1068.0,906.0,954.0,12
255,2019-08-27,930.0,1044.0,744.0,936.0,44
256,2019-08-28,870.0,990.0,750.0,984.0,24
257,2019-08-29,888.0,978.0,888.0,978.0,8
258,2019-08-30,894.0,1644.0,798.0,1050.0,5419
259,2019-09-03,756.0,876.0,750.0,876.0,448
260,2019-09-04,690.0,780.0,612.0,780.0,289
261,2019-09-05,606.0,726.0,606.0,720.0,116
262,2019-09-06,660.0,696.0,612.0,612.0,67
263,2019-09-09,636.0,714.0,612.0,678.0,116
264,2019-09-10,642.0,678.0,618.0,630.0,136
265,2019-09-11,708.0,750.0,654.0,654.0,182
266,2019-09-12,690.0,726.0,648.0,720.0,73
267,2019-09-13,708.0,708.0,630.0,696.0,57
268,2019-09-16,708.0,714.0,654.0,696.0,26
269,2019-09-17,654.0,708.0,654.0,708.0,30
270,2019-09-18,636.0,696.0,618.0,654.0,49
271,2019-09-19,510.0,624.0,486.0,606.0,393
272,2019-09-20,468.0,516.0,462.0,510.0,190
273,2019-09-23,432.0,504.0,414.0,504.0,256
274,2019-09-24,420.0,444.0,420.0,444.0,99
275,2019-09-25,462.0,468.0,420.0,420.0,270
276,2019-09-26,420.0,474.0,360.0,456.0,269
277,2019-09-27,402.0,420.0,402.0,414.0,90
278,2019-09-30,432.0,432.0,390.0,402.0,131
279,2019-10-01,408.0,432.0,396.0,432.0,51
280,2019-10-02,372.0,420.0,372.0,414.0,82
281,2019-10-03,408.0,414.0,378.0,378.0,23
282,2019-10-04,390.0,414.0,366.0,402.0,100
283,2019-10-07,384.0,396.0,366.0,396.0,129
284,2019-10-08,366.0,390.0,366.0,390.0,71
285,2019-10-09,348.0,384.0,330.0,384.0,141
286,2019-10-10,342.0,354.0,306.0,342.0,83
287,2019-10-11,348.0,360.0,342.0,360.0,20
288,2019-10-14,312.0,366.0,300.0,366.0,251
289,2019-10-15,330.0,366.0,300.0,306.0,175
290,2019-10-16,1710.0,2820.0,630.0,672.0,57323
291,2019-10-17,828.0,1392.0,774.0,1212.0,10244
292,2019-10-18,1140.0,2388.0,1026.0,1026.0,113106
293,2019-10-21,648.0,762.0,492.0,546.0,62220
294,2019-10-22,696.0,702.0,594.0,648.0,15442
295,2019-10-23,660.0,756.0,630.0,690.0,12278
296,2019-10-24,606.0,690.0,600.0,684.0,11074
297,2019-10-25,534.0,600.0,522.0,588.0,10686
298,2019-10-28,486.0,552.0,480.0,546.0,6635
299,2019-10-29,450.0,480.0,426.0,474.0,6090
300,2019-10-30,510.0,576.0,492.0,504.0,14686
301,2019-10-31,474.0,504.0,450.0,504.0,4808
302,2019-11-01,510.0,522.0,462.0,480.0,3059
303,2019-11-04,486.0,534.0,480.0,528.0,3180
304,2019-11-05,486.0,498.0,474.0,492.0,2146
305,2019-11-06,540.0,546.0,462.0,480.0,5709
306,2019-11-07,612.0,900.0,582.0,828.0,95046
307,2019-11-08,528.0,612.0,510.0,540.0,10023
308,2019-11-11,510.0,534.0,492.0,528.0,3512
309,2019-11-12,636.0,642.0,510.0,516.0,14308
310,2019-11-13,600.0,624.0,564.0,570.0,7782
311,2019-11-14,648.0,660.0,552.0,594.0,7097
312,2019-11-15,624.0,666.0,606.0,660.0,4957
313,2019-11-18,648.0,666.0,624.0,630.0,4838
314,2019-11-19,600.0,654.0,582.0,642.0,4729
315,2019-11-20,606.0,618.0,570.0,582.0,2266
316,2019-11-21,588.0,606.0,570.0,600.0,2883
317,2019-11-22,570.0,588.0,540.0,588.0,2833
318,2019-11-25,576.0,612.0,546.0,570.0,2587
319,2019-11-26,558.0,594.0,552.0,576.0,1798
320,2019-11-27,576.0,594.0,558.0,588.0,2115
321,2019-11-29,570.0,576.0,546.0,570.0,1859
322,2019-12-02,570.0,570.0,546.0,564.0,2019
323,2019-12-03,558.0,564.0,546.0,558.0,1827
324,2019-12-04,552.0,558.0,546.0,552.0,1199
325,2019-12-05,654.0,780.0,606.0,708.0,46953
326,2019-12-06,672.0,672.0,606.0,642.0,6214
327,2019-12-09,648.0,672.0,618.0,672.0,3858
328,2019-12-10,624.0,636.0,606.0,630.0,2921
329,2019-12-11,594.0,618.0,588.0,600.0,2724
330,2019-12-12,606.0,612.0,582.0,600.0,1966
331,2019-12-13,612.0,618.0,588.0,606.0,1811
332,2019-12-16,642.0,642.0,606.0,612.0,2487
333,2019-12-17,630.0,660.0,624.0,630.0,1516
334,2019-12-18,612.0,630.0,606.0,630.0,1286
335,2019-12-19,630.0,708.0,618.0,696.0,11888
336,2019-12-20,618.0,630.0,606.0,624.0,2866
337,2019-12-23,612.0,618.0,588.0,618.0,2424
338,2019-12-24,612.0,618.0,606.0,612.0,944
339,2019-12-26,624.0,648.0,612.0,612.0,2401
340,2019-12-27,648.0,654.0,618.0,630.0,2849
341,2019-12-30,714.0,750.0,648.0,654.0,8721
342,2019-12-31,744.0,834.0,726.0,738.0,10138
343,2020-01-02,744.0,792.0,708.0,792.0,4190
344,2020-01-03,738.0,756.0,666.0,720.0,3802
345,2020-01-06,762.0,774.0,726.0,768.0,3401
346,2020-01-07,744.0,780.0,732.0,780.0,2633
347,2020-01-08,744.0,756.0,714.0,720.0,2771
348,2020-01-09,714.0,744.0,696.0,738.0,2737
349,2020-01-10,708.0,720.0,702.0,714.0,1621
350,2020-01-13,708.0,744.0,660.0,744.0,3089
351,2020-01-14,696.0,708.0,678.0,690.0,1896
352,2020-01-15,702.0,726.0,684.0,696.0,2052
353,2020-01-16,738.0,762.0,696.0,702.0,4550
354,2020-01-17,720.0,750.0,708.0,738.0,1883
355,2020-01-21,738.0,738.0,714.0,726.0,1805
356,2020-01-22,726.0,786.0,720.0,738.0,5101
357,2020-01-23,714.0,732.0,702.0,732.0,2083
358,2020-01-24,696.0,720.0,684.0,708.0,1844
359,2020-01-27,648.0,684.0,606.0,678.0,2453
360,2020-01-28,678.0,690.0,630.0,630.0,1370
361,2020-01-29,648.0,690.0,642.0,678.0,1239
362,2020-01-30,654.0,654.0,606.0,642.0,1836
363,2020-01-31,618.0,648.0,618.0,642.0,1600
364,2020-02-03,606.0,642.0,606.0,618.0,1472
365,2020-02-04,630.0,636.0,606.0,636.0,1099
366,2020-02-05,624.0,648.0,618.0,630.0,846
367,2020-02-06,618.0,636.0,612.0,618.0,696
368,2020-02-07,612.0,624.0,606.0,618.0,971
369,2020-02-10,678.0,726.0,624.0,660.0,9928
370,2020-02-11,648.0,666.0,636.0,660.0,2000
371,2020-02-12,624.0,648.0,624.0,642.0,1215
372,2020-02-13,624.0,636.0,612.0,636.0,982
373,2020-02-14,630.0,630.0,612.0,612.0,1249
374,2020-02-18,624.0,642.0,612.0,630.0,1510
375,2020-02-19,636.0,642.0,618.0,624.0,765
376,2020-02-20,642.0,654.0,624.0,630.0,1196
377,2020-02-21,666.0,690.0,654.0,660.0,3982
378,2020-02-24,648.0,666.0,630.0,660.0,1773
379,2020-02-25,636.0,666.0,624.0,648.0,1589
380,2020-02-26,624.0,636.0,612.0,630.0,1484
381,2020-02-27,570.0,612.0,510.0,612.0,3970
382,2020-02-28,594.0,654.0,546.0,546.0,3385
383,2020-03-02,750.0,750.0,600.0,648.0,5863
384,2020-03-03,654.0,714.0,636.0,660.0,2659
385,2020-03-04,654.0,696.0,630.0,696.0,1576
386,2020-03-05,678.0,690.0,630.0,642.0,4203
387,2020-03-06,456.0,522.0,420.0,516.0,11976
388,2020-03-09,510.0,528.0,366.0,372.0,11169
389,2020-03-10,456.0,660.0,414.0,654.0,31784
390,2020-03-11,348.0,420.0,336.0,372.0,8078
391,2020-03-12,288.0,330.0,282.0,288.0,3627
392,2020-03-13,288.0,312.0,282.0,312.0,2302
393,2020-03-16,270.0,294.0,258.0,282.0,1641
394,2020-03-17,300.0,336.0,270.0,288.0,1771
395,2020-03-18,234.0,300.0,234.0,294.0,2123
396,2020-03-19,240.0,270.0,234.0,252.0,2326
397,2020-03-20,252.0,372.0,246.0,258.0,11256
398,2020-03-23,258.0,294.0,252.0,258.0,2352
399,2020-03-24,276.0,282.0,252.0,258.0,2338
400,2020-03-25,264.0,282.0,240.0,270.0,2720
401,2020-03-26,264.0,270.0,252.0,258.0,2431
402,2020-03-27,270.0,270.0,252.0,258.0,2224
403,2020-03-30,258.0,282.0,252.0,282.0,1121
404,2020-03-31,276.0,396.0,264.0,348.0,34814
405,2020-04-01,234.0,270.0,234.0,252.0,11340
406,2020-04-02,156.0,174.0,150.0,168.0,40718
407,2020-04-03,168.0,168.0,156.0,162.0,10929
408,2020-04-06,168.0,168.0,162.0,168.0,12519
409,2020-04-07,168.0,168.0,168.0,168.0,6911
410,2020-04-08,180.0,192.0,174.0,192.0,22880
411,2020-04-09,192.0,210.0,186.0,192.0,18334
412,2020-04-13,198.0,198.0,186.0,198.0,7502
413,2020-04-14,204.0,210.0,198.0,198.0,8038
414,2020-04-15,234.0,246.0,192.0,210.0,21597
415,2020-04-16,228.0,234.0,204.0,234.0,11176
416,2020-04-17,210.0,228.0,204.0,210.0,9589
417,2020-04-20,204.0,210.0,198.0,210.0,5684
418,2020-04-21,210.0,216.0,204.0,210.0,4431
419,2020-04-22,222.0,246.0,216.0,228.0,24683
420,2020-04-23,210.0,216.0,204.0,216.0,7054
421,2020-04-24,210.0,210.0,204.0,210.0,4161
422,2020-04-27,234.0,234.0,210.0,216.0,9509
423,2020-04-28,246.0,258.0,234.0,240.0,15862
424,2020-04-29,246.0,258.0,234.0,258.0,8880
425,2020-04-30,240.0,264.0,234.0,240.0,4835
426,2020-05-01,234.0,246.0,228.0,240.0,3647
427,2020-05-04,228.0,234.0,222.0,222.0,3327
428,2020-05-05,228.0,234.0,228.0,228.0,2919
429,2020-05-06,216.0,228.0,210.0,228.0,6478
430,2020-05-07,216.0,216.0,204.0,204.0,5763
431,2020-05-08,222.0,234.0,210.0,216.0,3319
432,2020-05-11,264.0,270.0,222.0,228.0,28599
433,2020-05-12,246.0,312.0,234.0,282.0,37302
434,2020-05-13,240.0,264.0,228.0,258.0,10293
435,2020-05-14,240.0,252.0,228.0,240.0,9507
436,2020-05-15,222.0,228.0,210.0,216.0,7032
437,2020-05-18,228.0,240.0,216.0,234.0,8827
438,2020-05-19,234.0,252.0,228.0,246.0,19147
439,2020-05-20,234.0,234.0,222.0,228.0,6767
440,2020-05-21,258.0,264.0,228.0,228.0,21957
441,2020-05-22,282.0,282.0,246.0,258.0,25038
442,2020-05-26,300.0,330.0,300.0,324.0,29167
443,2020-05-27,270.0,294.0,252.0,294.0,17703
444,2020-05-28,276.0,288.0,252.0,258.0,11670
445,2020-05-29,270.0,282.0,258.0,282.0,7409
446,2020-06-01,258.0,270.0,258.0,264.0,3948
447,2020-06-02,294.0,318.0,252.0,258.0,38795
448,2020-06-03,288.0,294.0,270.0,276.0,9710
449,2020-06-04,324.0,336.0,276.0,282.0,29976
450,2020-06-05,318.0,336.0,300.0,336.0,15271
451,2020-06-08,324.0,354.0,312.0,354.0,28685
452,2020-06-09,330.0,360.0,324.0,330.0,17335
453,2020-06-10,342.0,390.0,324.0,348.0,42697
454,2020-06-11,306.0,354.0,300.0,354.0,21297
455,2020-06-12,312.0,342.0,312.0,342.0,10810
456,2020-06-15,312.0,324.0,294.0,312.0,8508
457,2020-06-16,318.0,330.0,306.0,324.0,9490
458,2020-06-17,306.0,324.0,300.0,324.0,8658
459,2020-06-18,312.0,348.0,300.0,300.0,39767
460,2020-06-19,282.0,312.0,276.0,312.0,21070
461,2020-06-22,264.0,282.0,264.0,282.0,12517
462,2020-06-23,270.0,276.0,264.0,270.0,7690
463,2020-06-24,282.0,300.0,270.0,270.0,21661
464,2020-06-25,282.0,288.0,270.0,282.0,8468
465,2020-06-26,264.0,294.0,264.0,288.0,11770
466,2020-06-29,282.0,324.0,258.0,276.0,45910
467,2020-06-30,306.0,312.0,276.0,288.0,23107
468,2020-07-01,342.0,360.0,288.0,312.0,100527
469,2020-07-02,294.0,318.0,282.0,318.0,37340
470,2020-07-06,282.0,300.0,282.0,300.0,14927
471,2020-07-07,288.0,294.0,270.0,288.0,19524
472,2020-07-08,282.0,294.0,282.0,294.0,18417
473,2020-07-09,294.0,312.0,288.0,312.0,28291
474,2020-07-10,318.0,336.0,306.0,324.0,48513
475,2020-07-13,300.0,330.0,300.0,324.0,19713
476,2020-07-14,294.0,300.0,282.0,300.0,10671
477,2020-07-15,300.0,306.0,300.0,300.0,9966
478,2020-07-16,312.0,324.0,294.0,300.0,33096
479,2020-07-17,372.0,522.0,366.0,396.0,268705
480,2020-07-20,408.0,432.0,390.0,420.0,74404
481,2020-07-21,498.0,552.0,450.0,480.0,164763
482,2020-07-22,534.0,696.0,492.0,600.0,239934
483,2020-07-23,468.0,534.0,420.0,534.0,96307
484,2020-07-24,534.0,630.0,498.0,540.0,211669
485,2020-07-27,486.0,516.0,468.0,516.0,52013
486,2020-07-28,498.0,504.0,450.0,456.0,39659
487,2020-07-29,450.0,480.0,444.0,468.0,36546
488,2020-07-30,480.0,504.0,462.0,498.0,47189
489,2020-07-31,474.0,480.0,462.0,474.0,17269
490,2020-08-03,474.0,486.0,462.0,480.0,21866
491,2020-08-04,468.0,474.0,456.0,462.0,17027
492,2020-08-05,450.0,468.0,432.0,462.0,21896
493,2020-08-06,480.0,492.0,438.0,444.0,52247
494,2020-08-07,516.0,606.0,498.0,582.0,122764
495,2020-08-10,504.0,510.0,492.0,498.0,21412
496,2020-08-11,480.0,492.0,468.0,492.0,18103
497,2020-08-12,462.0,480.0,450.0,474.0,15671
498,2020-08-13,462.0,462.0,444.0,450.0,16869
499,2020-08-14,420.0,444.0,402.0,438.0,25234
500,2020-08-17,396.0,408.0,384.0,402.0,16182
501,2020-08-18,432.0,450.0,402.0,408.0,23776
502,2020-08-19,408.0,432.0,402.0,432.0,11159
503,2020-08-20,408.0,426.0,402.0,426.0,11888
504,2020-08-21,384.0,402.0,366.0,396.0,20773
505,2020-08-24,366.0,408.0,354.0,408.0,20780
506,2020-08-25,402.0,408.0,348.0,354.0,20986
507,2020-08-26,390.0,420.0,390.0,414.0,15152
508,2020-08-27,378.0,384.0,366.0,384.0,12292
509,2020-08-28,372.0,372.0,354.0,360.0,11292
510,2020-08-31,366.0,366.0,348.0,360.0,14361
511,2020-09-01,336.0,354.0,324.0,354.0,17022
512,2020-09-02,354.0,360.0,330.0,330.0,13504
513,2020-09-03,324.0,348.0,318.0,342.0,12021
514,2020-09-04,318.0,324.0,282.0,318.0,25400
515,2020-09-08,294.0,318.0,288.0,300.0,11559
516,2020-09-09,300.0,312.0,294.0,306.0,11191
517,2020-09-10,324.0,342.0,306.0,306.0,14718
518,2020-09-11,312.0,324.0,306.0,324.0,4482
519,2020-09-14,330.0,330.0,312.0,318.0,7694
520,2020-09-15,360.0,372.0,318.0,324.0,14714
521,2020-09-16,354.0,366.0,342.0,360.0,8649
522,2020-09-17,378.0,384.0,342.0,342.0,18365
523,2020-09-18,372.0,396.0,372.0,378.0,18032
524,2020-09-21,384.0,390.0,366.0,378.0,8249
525,2020-09-22,384.0,384.0,366.0,384.0,7293
526,2020-09-23,354.0,384.0,348.0,384.0,7885
527,2020-09-24,354.0,378.0,342.0,366.0,8429
528,2020-09-25,354.0,372.0,348.0,354.0,6163
529,2020-09-28,354.0,366.0,348.0,366.0,6117
530,2020-09-29,360.0,372.0,354.0,372.0,6707
531,2020-09-30,390.0,432.0,372.0,384.0,26156
532,2020-10-01,378.0,384.0,366.0,378.0,8300
533,2020-10-02,372.0,372.0,348.0,360.0,7923
534,2020-10-05,372.0,378.0,366.0,372.0,8657
535,2020-10-06,372.0,390.0,372.0,390.0,8425
536,2020-10-07,366.0,372.0,360.0,372.0,5803
537,2020-10-08,366.0,378.0,366.0,372.0,4937
538,2020-10-09,366.0,372.0,354.0,366.0,7674
539,2020-10-12,360.0,366.0,354.0,366.0,10619
540,2020-10-13,354.0,360.0,354.0,360.0,5544
541,2020-10-14,354.0,360.0,354.0,354.0,4033
542,2020-10-15,348.0,354.0,342.0,354.0,8476
543,2020-10-16,342.0,354.0,342.0,354.0,4194
544,2020-10-19,336.0,342.0,330.0,342.0,4673
545,2020-10-20,330.0,342.0,324.0,336.0,4709
546,2020-10-21,318.0,330.0,312.0,330.0,5675
547,2020-10-22,324.0,330.0,294.0,318.0,6228
548,2020-10-23,324.0,324.0,312.0,324.0,2241
549,2020-10-26,324.0,336.0,318.0,324.0,6969
550,2020-10-27,318.0,330.0,312.0,330.0,3180
551,2020-10-28,306.0,312.0,294.0,312.0,4512
552,2020-10-29,312.0,318.0,300.0,306.0,5589
553,2020-10-30,294.0,312.0,288.0,306.0,6783
554,2020-11-02,300.0,306.0,294.0,294.0,4178
555,2020-11-03,306.0,312.0,300.0,300.0,4292
556,2020-11-04,294.0,306.0,294.0,300.0,4930
557,2020-11-05,300.0,300.0,294.0,300.0,3282
558,2020-11-06,288.0,300.0,282.0,300.0,6687
559,2020-11-09,300.0,312.0,288.0,294.0,6810
560,2020-11-10,318.0,318.0,294.0,300.0,6568
561,2020-11-11,336.0,336.0,318.0,324.0,7558
562,2020-11-12,342.0,384.0,336.0,366.0,18347
563,2020-11-13,312.0,324.0,300.0,306.0,10334
564,2020-11-16,300.0,312.0,300.0,300.0,5819
565,2020-11-17,318.0,330.0,306.0,306.0,7509
566,2020-11-18,306.0,330.0,306.0,318.0,5221
567,2020-11-19,306.0,312.0,300.0,306.0,4976
568,2020-11-20,312.0,318.0,300.0,306.0,9229
569,2020-11-23,300.0,312.0,300.0,312.0,9022
570,2020-11-24,294.0,306.0,294.0,300.0,9356
571,2020-11-25,294.0,300.0,294.0,294.0,6979
572,2020-11-27,294.0,300.0,288.0,300.0,4839
573,2020-11-30,294.0,294.0,288.0,288.0,8135
574,2020-12-01,300.0,318.0,294.0,294.0,27786
575,2020-12-02,294.0,306.0,294.0,306.0,14167
576,2020-12-03,300.0,306.0,294.0,300.0,7994
577,2020-12-04,300.0,300.0,294.0,300.0,6533
578,2020-12-07,318.0,330.0,300.0,300.0,17104
579,2020-12-08,312.0,324.0,306.0,324.0,7074
580,2020-12-09,306.0,324.0,300.0,312.0,10240
581,2020-12-10,300.0,306.0,294.0,300.0,9837
582,2020-12-11,300.0,306.0,294.0,300.0,7339
583,2020-12-14,300.0,306.0,300.0,300.0,6322
584,2020-12-15,306.0,312.0,300.0,300.0,9187
585,2020-12-16,306.0,312.0,294.0,306.0,8224
586,2020-12-17,318.0,324.0,300.0,306.0,14082
587,2020-12-18,324.0,330.0,312.0,318.0,14742
588,2020-12-21,336.0,354.0,330.0,348.0,25038
589,2020-12-22,330.0,336.0,312.0,330.0,14285
590,2020-12-23,468.0,492.0,336.0,342.0,144781
591,2020-12-24,426.0,450.0,396.0,450.0,23475
592,2020-12-28,528.0,612.0,498.0,528.0,115605
593,2020-12-29,798.0,894.0,558.0,570.0,478720
594,2020-12-30,1260.0,1782.0,1104.0,1158.0,1342385
595,2020-12-31,1848.0,2082.0,1542.0,1758.0,806251
596,2021-01-04,4320.0,4344.0,2706.0,3126.0,973164
597,2021-01-05,2970.0,3504.0,2568.0,3180.0,394223
598,2021-01-06,2862.0,3474.0,2634.0,2760.0,284096
599,2021-01-07,3000.0,3108.0,2832.0,2958.0,153869
600,2021-01-08,2820.0,2934.0,2346.0,2478.0,228640
601,2021-01-11,3402.0,3648.0,3138.0,3558.0,240764
602,2021-01-12,3216.0,3510.0,3150.0,3480.0,100057
603,2021-01-13,3378.0,3378.0,3036.0,3216.0,93639
604,2021-01-14,4170.0,4770.0,3324.0,3432.0,391694
605,2021-01-15,5058.0,5700.0,4500.0,4578.0,394060
606,2021-01-19,5484.0,5970.0,5358.0,5586.0,230557
607,2021-01-20,4830.0,5070.0,4512.0,4782.0,209803
608,2021-01-21,4962.0,5220.0,4848.0,5148.0,90677
609,2021-01-22,5880.0,5880.0,5148.0,5382.0,193133
610,2021-01-25,7548.0,8190.0,6270.0,6786.0,256171
611,2021-01-26,7326.0,8310.0,7128.0,8058.0,131272
612,2021-01-27,6624.0,7200.0,5670.0,6564.0,116184
613,2021-01-28,6318.0,6840.0,5760.0,6828.0,82046
614,2021-01-29,6630.0,6960.0,6276.0,6474.0,61478
615,2021-02-01,6456.0,6840.0,6234.0,6828.0,62957
616,2021-02-02,7212.0,7620.0,6810.0,7494.0,102812
617,2021-02-03,7110.0,7380.0,6978.0,7146.0,46523
618,2021-02-04,6708.0,6960.0,6606.0,6936.0,48064
619,2021-02-05,6630.0,6750.0,6354.0,6672.0,55622
620,2021-02-08,6990.0,7164.0,6432.0,6594.0,60682
621,2021-02-09,7080.0,7602.0,7020.0,7446.0,59274
622,2021-02-10,6828.0,7284.0,6642.0,7182.0,47838
623,2021-02-11,7020.0,7416.0,6678.0,6846.0,55158
624,2021-02-12,8220.0,8664.0,6876.0,7032.0,169042
625,2021-02-16,9342.0,9414.0,8442.0,8754.0,91964
626,2021-02-17,8724.0,9054.0,8160.0,8826.0,53391
627,2021-02-18,7692.0,8286.0,7500.0,8154.0,48116
628,2021-02-19,8142.0,8610.0,7938.0,8088.0,34080
629,2021-02-22,7110.0,8028.0,6966.0,7662.0,48016
630,2021-02-23,6132.0,6468.0,4830.0,6066.0,96278
631,2021-02-24,6714.0,6918.0,6240.0,6360.0,41014
632,2021-02-25,6012.0,6552.0,5850.0,6348.0,39953
633,2021-02-26,5838.0,6426.0,5628.0,6054.0,44100
634,2021-03-01,5904.0,6156.0,5862.0,6024.0,29749
635,2021-03-02,5688.0,6276.0,5676.0,6000.0,25746
636,2021-03-03,5130.0,5754.0,5070.0,5742.0,45958
637,2021-03-04,4140.0,5058.0,3960.0,4806.0,84553
638,2021-03-05,4290.0,4446.0,3348.0,4440.0,99561
639,2021-03-08,4662.0,5370.0,4320.0,4626.0,111511
640,2021-03-09,5412.0,5604.0,4770.0,5004.0,65079
641,2021-03-10,5202.0,5730.0,4992.0,5712.0,61867
642,2021-03-11,5718.0,5736.0,5226.0,5358.0,38709
643,2021-03-12,5628.0,5676.0,5298.0,5400.0,29598
644,2021-03-15,5802.0,5898.0,5478.0,5634.0,28555
645,2021-03-16,5238.0,5796.0,5100.0,5754.0,38985
646,2021-03-17,5574.0,5610.0,4980.0,5058.0,33127
647,2021-03-18,5154.0,5544.0,5130.0,5430.0,25344
648,2021-03-19,5418.0,5484.0,5082.0,5208.0,26621
649,2021-03-22,5430.0,5598.0,5292.0,5556.0,30716
650,2021-03-23,5022.0,5418.0,4992.0,5340.0,32156
651,2021-03-24,4458.0,5274.0,4416.0,5274.0,55953
652,2021-03-25,4740.0,4752.0,4152.0,4188.0,41051
653,2021-03-26,4650.0,4818.0,4428.0,4740.0,28017
654,2021-03-29,4410.0,4692.0,4362.0,4572.0,23238
655,2021-03-30,4632.0,4704.0,4224.0,4326.0,23568
656,2021-03-31,4848.0,4998.0,4650.0,4740.0,40320
657,2021-04-01,4698.0,5058.0,4656.0,5040.0,25306
658,2021-04-05,4902.0,4938.0,4716.0,4818.0,18278
659,2021-04-06,4710.0,4890.0,4698.0,4842.0,17137
660,2021-04-07,4440.0,4758.0,4398.0,4686.0,23499
661,2021-04-08,4518.0,4668.0,4362.0,4452.0,21709
662,2021-04-09,4374.0,4488.0,4302.0,4428.0,16620
663,2021-04-12,4044.0,4422.0,4026.0,4302.0,32120
664,2021-04-13,4134.0,4242.0,4008.0,4092.0,23005
665,2021-04-14,3858.0,4092.0,3840.0,4080.0,30102
666,2021-04-15,3666.0,3906.0,3492.0,3888.0,45106
667,2021-04-16,3396.0,3468.0,3228.0,3384.0,38708
668,2021-04-19,3162.0,3420.0,3072.0,3264.0,31376
669,2021-04-20,3228.0,3642.0,3078.0,3108.0,59264
670,2021-04-21,3546.0,3576.0,3096.0,3204.0,47181
671,2021-04-22,3576.0,4170.0,3474.0,3936.0,124865
672,2021-04-23,3696.0,3852.0,3492.0,3606.0,43375
673,2021-04-26,4572.0,4572.0,3768.0,3816.0,94604
674,2021-04-27,4230.0,4638.0,4098.0,4536.0,65851
675,2021-04-28,4182.0,4254.0,4062.0,4158.0,25144
676,2021-04-29,3966.0,4212.0,3822.0,4188.0,36357
677,2021-04-30,3822.0,4068.0,3798.0,3900.0,25341
678,2021-05-03,3594.0,3888.0,3534.0,3852.0,32854
679,2021-05-04,3474.0,3582.0,3318.0,3480.0,31145
680,2021-05-05,3324.0,3588.0,3276.0,3498.0,30107
681,2021-05-06,3186.0,3330.0,3036.0,3240.0,39083
682,2021-05-07,3246.0,3438.0,3192.0,3252.0,26993
683,2021-05-10,3006.0,3324.0,2958.0,3312.0,34681
684,2021-05-11,3072.0,3114.0,2676.0,2706.0,32833
685,2021-05-12,2844.0,3102.0,2820.0,2970.0,27280
686,2021-05-13,2646.0,2964.0,2580.0,2898.0,50599
687,2021-05-14,3240.0,3348.0,2994.0,3162.0,172937
688,2021-05-17,3360.0,3510.0,3102.0,3138.0,73224
689,2021-05-18,3492.0,3588.0,3300.0,3366.0,35466
690,2021-05-19,3360.0,3384.0,3180.0,3294.0,32868
691,2021-05-20,3372.0,3492.0,3264.0,3420.0,27462
692,2021-05-21,3312.0,3450.0,3306.0,3402.0,18709
693,2021-05-24,3264.0,3492.0,3204.0,3384.0,25482
694,2021-05-25,3288.0,3384.0,3240.0,3300.0,17980
695,2021-05-26,3612.0,3690.0,3282.0,3306.0,40796
696,2021-05-27,3732.0,3738.0,3468.0,3630.0,34168
697,2021-05-28,3702.0,3834.0,3630.0,3762.0,21473
698,2021-06-01,3792.0,3792.0,3528.0,3708.0,27771
699,2021-06-02,3984.0,4002.0,3684.0,3732.0,24452
700,2021-06-03,3780.0,3966.0,3756.0,3882.0,21258
701,2021-06-04,4122.0,4404.0,3774.0,3858.0,49835
702,2021-06-07,5040.0,5316.0,4548.0,4626.0,145707
703,2021-06-08,4980.0,5472.0,4572.0,5394.0,83705
704,2021-06-09,4662.0,5088.0,4632.0,5034.0,36195
705,2021-06-10,4584.0,4926.0,4500.0,4680.0,34233
706,2021-06-11,4548.0,4728.0,4506.0,4698.0,20803
707,2021-06-14,4692.0,4944.0,4566.0,4578.0,30210
708,2021-06-15,4422.0,4812.0,4386.0,4782.0,27238
709,2021-06-16,4668.0,4692.0,4416.0,4428.0,26538
710,2021-06-17,4716.0,4872.0,4560.0,4560.0,22877
711,2021-06-18,4572.0,4758.0,4464.0,4680.0,30792
712,2021-06-21,4332.0,4494.0,4158.0,4476.0,26622
713,2021-06-22,4278.0,4380.0,4164.0,4296.0,24295
714,2021-06-23,4350.0,4428.0,4272.0,4320.0,14941
715,2021-06-24,4290.0,4452.0,4248.0,4392.0,16227
716,2021-06-25,4512.0,4578.0,4242.0,4320.0,90924
717,2021-06-28,4638.0,4920.0,4572.0,4818.0,34556
718,2021-06-29,4524.0,4704.0,4476.0,4698.0,19234
719,2021-06-30,4398.0,4476.0,4260.0,4464.0,34094
720,2021-07-01,4092.0,4386.0,4026.0,4386.0,32391
721,2021-07-02,4032.0,4188.0,3978.0,4110.0,17586
722,2021-07-06,3948.0,4128.0,3918.0,4086.0,16420
723,2021-07-07,3774.0,3942.0,3660.0,3942.0,24256
724,2021-07-08,3936.0,3978.0,3504.0,3564.0,21694
725,2021-07-09,4050.0,4110.0,3810.0,3912.0,15188
726,2021-07-12,3912.0,4056.0,3780.0,4014.0,15176
727,2021-07-13,3654.0,3894.0,3648.0,3858.0,15819
728,2021-07-14,3432.0,3678.0,3420.0,3672.0,22166
729,2021-07-15,3504.0,3690.0,3348.0,3444.0,21498
730,2021-07-16,3462.0,3546.0,3408.0,3504.0,16930
731,2021-07-19,3540.0,3600.0,3306.0,3366.0,19262
732,2021-07-20,3684.0,3702.0,3348.0,3552.0,20799
733,2021-07-21,3822.0,3864.0,3612.0,3660.0,15483
734,2021-07-22,3696.0,3882.0,3660.0,3828.0,12514
735,2021-07-23,3582.0,3702.0,3528.0,3672.0,10896
736,2021-07-26,3522.0,3642.0,3438.0,3552.0,12232
737,2021-07-27,3468.0,3588.0,3354.0,3474.0,12128
738,2021-07-28,3714.0,3756.0,3486.0,3504.0,15328
739,2021-07-29,3654.0,3798.0,3594.0,3732.0,11198
740,2021-07-30,3558.0,3666.0,3522.0,3600.0,10332
741,2021-08-02,3618.0,3708.0,3534.0,3600.0,12759
742,2021-08-03,3552.0,3678.0,3468.0,3678.0,13648
743,2021-08-04,3516.0,3696.0,3504.0,3540.0,21690
744,2021-08-05,3744.0,3786.0,3342.0,3426.0,25260
745,2021-08-06,3792.0,3810.0,3612.0,3732.0,13564
746,2021-08-09,3708.0,3822.0,3696.0,3768.0,14014
747,2021-08-10,3672.0,3768.0,3666.0,3720.0,10904
748,2021-08-11,3624.0,3684.0,3468.0,3678.0,15963
749,2021-08-12,3576.0,3618.0,3504.0,3600.0,7645
750,2021-08-13,3414.0,3594.0,3402.0,3570.0,11721
751,2021-08-16,3330.0,3402.0,3258.0,3390.0,14818
752,2021-08-17,3204.0,3348.0,3126.0,3276.0,16132
753,2021-08-18,3144.0,3288.0,3132.0,3282.0,13141
754,2021-08-19,3084.0,3240.0,3072.0,3108.0,13348
755,2021-08-20,3234.0,3258.0,3084.0,3090.0,12309
756,2021-08-23,3342.0,3360.0,3210.0,3252.0,10731
757,2021-08-24,3468.0,3480.0,3276.0,3366.0,11109
758,2021-08-25,3498.0,3600.0,3408.0,3432.0,16171
759,2021-08-26,3402.0,3564.0,3384.0,3528.0,9022
760,2021-08-27,3528.0,3588.0,3396.0,3414.0,11584
761,2021-08-30,3438.0,3570.0,3414.0,3558.0,13398
762,2021-08-31,3498.0,3564.0,3396.0,3432.0,11628
763,2021-09-01,3534.0,3564.0,3456.0,3474.0,9127
764,2021-09-02,3576.0,3648.0,3534.0,3564.0,12948
765,2021-09-03,3516.0,3594.0,3450.0,3552.0,8383
766,2021-09-07,3474.0,3588.0,3456.0,3498.0,9736
767,2021-09-08,3312.0,3474.0,3276.0,3474.0,9527
768,2021-09-09,3474.0,3558.0,3288.0,3312.0,16617
769,2021-09-10,3342.0,3492.0,3342.0,3474.0,10284
770,2021-09-13,3210.0,3360.0,3180.0,3360.0,14192
771,2021-09-14,3120.0,3258.0,3084.0,3228.0,13973
772,2021-09-15,3168.0,3192.0,3072.0,3108.0,7343
773,2021-09-16,3174.0,3216.0,3078.0,3216.0,14281
774,2021-09-17,3336.0,3342.0,3192.0,3258.0,23781
775,2021-09-20,3102.0,3228.0,3036.0,3192.0,21845
776,2021-09-21,3114.0,3180.0,3078.0,3132.0,10877
777,2021-09-22,3276.0,3336.0,3120.0,3162.0,16583
778,2021-09-23,3384.0,3390.0,3258.0,3312.0,11245
779,2021-09-24,3294.0,3360.0,3276.0,3330.0,7773
780,2021-09-27,3324.0,3402.0,3258.0,3336.0,12452
781,2021-09-28,3276.0,3312.0,3204.0,3294.0,14879
782,2021-09-29,3126.0,3324.0,3120.0,3282.0,12460
783,2021-09-30,3300.0,3360.0,3144.0,3150.0,14455
784,2021-10-01,3132.0,3288.0,3078.0,3282.0,17100
785,2021-10-04,3036.0,3150.0,2982.0,3144.0,17153
786,2021-10-05,3060.0,3096.0,2988.0,3030.0,8869
787,2021-10-06,2976.0,3048.0,2970.0,3000.0,9757
788,2021-10-07,3108.0,3180.0,2952.0,3006.0,13626
789,2021-10-08,3090.0,3216.0,3066.0,3114.0,9055
790,2021-10-11,3066.0,3138.0,3060.0,3090.0,5611
791,2021-10-12,3216.0,3318.0,3156.0,3180.0,17310
792,2021-10-13,3216.0,3312.0,3186.0,3252.0,10043
793,2021-10-14,3204.0,3312.0,3198.0,3264.0,9334
794,2021-10-15,3096.0,3252.0,3084.0,3246.0,9755
795,2021-10-18,3120.0,3192.0,3066.0,3090.0,9674
796,2021-10-19,3162.0,3180.0,3102.0,3168.0,7822
797,2021-10-20,3204.0,3234.0,3138.0,3156.0,7504
798,2021-10-21,3120.0,3234.0,3102.0,3186.0,7212
799,2021-10-22,3090.0,3090.0,3000.0,3078.0,12273
800,2021-10-25,3114.0,3156.0,3054.0,3090.0,14321
801,2021-10-26,3096.0,3264.0,3096.0,3114.0,17508
802,2021-10-27,3030.0,3132.0,3024.0,3102.0,11482
803,2021-10-28,3084.0,3096.0,3018.0,3048.0,8019
804,2021-10-29,3048.0,3102.0,3018.0,3084.0,11950
805,2021-11-01,3240.0,3252.0,3048.0,3048.0,18550
806,2021-11-02,3648.0,3762.0,3348.0,3360.0,54947
807,2021-11-03,3672.0,3726.0,3504.0,3690.0,21481
808,2021-11-04,3558.0,3768.0,3552.0,3720.0,18887
809,2021-11-05,3312.0,3444.0,3240.0,3432.0,20707
810,2021-11-08,3258.0,3330.0,3162.0,3294.0,15343
811,2021-11-09,3168.0,3306.0,3138.0,3216.0,13799
812,2021-11-10,2994.0,3138.0,2970.0,3114.0,20572
813,2021-11-11,3060.0,3102.0,3018.0,3054.0,10618
814,2021-11-12,3072.0,3096.0,2988.0,3066.0,8628
815,2021-11-15,3000.0,3120.0,2988.0,3066.0,12657
816,2021-11-16,2946.0,3012.0,2880.0,3012.0,19691
817,2021-11-17,2832.0,2964.0,2826.0,2922.0,15146
818,2021-11-18,2652.0,2862.0,2610.0,2850.0,21727
819,2021-11-19,2646.0,2736.0,2610.0,2640.0,11368
820,2021-11-22,2604.0,2694.0,2532.0,2688.0,15602
821,2021-11-23,2478.0,2646.0,2418.0,2598.0,18208
822,2021-11-24,2454.0,2496.0,2238.0,2412.0,21356
823,2021-11-26,2400.0,2496.0,2352.0,2382.0,8969
824,2021-11-29,2358.0,2460.0,2352.0,2424.0,10877
825,2021-11-30,2346.0,2400.0,2220.0,2358.0,14754
826,2021-12-01,2220.0,2418.0,2208.0,2388.0,13246
827,2021-12-02,2226.0,2304.0,2118.0,2232.0,14250
828,2021-12-03,2040.0,2238.0,2004.0,2208.0,23708
829,2021-12-06,2004.0,2028.0,1824.0,1938.0,23037
830,2021-12-07,2172.0,2244.0,2058.0,2064.0,14205
831,2021-12-08,2238.0,2304.0,2094.0,2160.0,13240
832,2021-12-09,2112.0,2244.0,2106.0,2214.0,9465
833,2021-12-10,2052.0,2172.0,2022.0,2130.0,8898
834,2021-12-13,1998.0,2118.0,1932.0,2058.0,13251
835,2021-12-14,1956.0,1998.0,1902.0,1926.0,10208
836,2021-12-15,2052.0,2082.0,1872.0,1956.0,12027
837,2021-12-16,1974.0,2100.0,1932.0,2076.0,11359
838,2021-12-17,2040.0,2076.0,1860.0,1896.0,14073
839,2021-12-20,1926.0,1968.0,1896.0,1944.0,8630
840,2021-12-21,1974.0,1998.0,1932.0,1950.0,9612
841,2021-12-22,1962.0,2004.0,1920.0,1968.0,6954
842,2021-12-23,1944.0,1974.0,1872.0,1974.0,13155
843,2021-12-27,1998.0,2088.0,1932.0,1950.0,13847
844,2021-12-28,1848.0,2010.0,1842.0,1974.0,21345
845,2021-12-29,1800.0,1896.0,1770.0,1866.0,16020
846,2021-12-30,1872.0,1920.0,1728.0,1788.0,17396
847,2021-12-31,1794.0,1938.0,1788.0,1836.0,16162
848,2022-01-03,1938.0,1962.0,1788.0,1830.0,14786
849,2022-01-04,1866.0,1944.0,1830.0,1938.0,11575
850,2022-01-05,1686.0,1884.0,1674.0,1836.0,19077
851,2022-01-06,1656.0,1728.0,1584.0,1728.0,12194
852,2022-01-07,1632.0,1728.0,1632.0,1662.0,11766
853,2022-01-10,1626.0,1632.0,1554.0,1614.0,14289
854,2022-01-11,1644.0,1704.0,1584.0,1626.0,13619
855,2022-01-12,1668.0,1806.0,1638.0,1806.0,18305
856,2022-01-13,1524.0,1698.0,1512.0,1692.0,19912
857,2022-01-14,1530.0,1572.0,1458.0,1512.0,11612
858,2022-01-18,1410.0,1530.0,1404.0,1500.0,12409
859,2022-01-19,1392.0,1500.0,1380.0,1428.0,13308
860,2022-01-20,1374.0,1482.0,1362.0,1386.0,12681
861,2022-01-21,1290.0,1380.0,1266.0,1350.0,17504
862,2022-01-24,1248.0,1254.0,1086.0,1200.0,27667
863,2022-01-25,1230.0,1272.0,1194.0,1218.0,11356
864,2022-01-26,1218.0,1308.0,1182.0,1302.0,19222
865,2022-01-27,1128.0,1260.0,1122.0,1236.0,15278
866,2022-01-28,1164.0,1176.0,1104.0,1134.0,16220
867,2022-01-31,1332.0,1356.0,1176.0,1176.0,17615
868,2022-02-01,1404.0,1428.0,1302.0,1386.0,14057
869,2022-02-02,1338.0,1464.0,1332.0,1446.0,15551
870,2022-02-03,1236.0,1314.0,1218.0,1278.0,17353
871,2022-02-04,1278.0,1302.0,1230.0,1242.0,10523
872,2022-02-07,1320.0,1380.0,1284.0,1290.0,10345
873,2022-02-08,1338.0,1344.0,1284.0,1314.0,8407
874,2022-02-09,1434.0,1458.0,1356.0,1356.0,13263
875,2022-02-10,1404.0,1524.0,1368.0,1374.0,17363
876,2022-02-11,1314.0,1446.0,1296.0,1410.0,11821
877,2022-02-14,1230.0,1344.0,1224.0,1296.0,11295
878,2022-02-15,1308.0,1338.0,1272.0,1278.0,14483
879,2022-02-16,1332.0,1332.0,1266.0,1302.0,7048
880,2022-02-17,1224.0,1326.0,1206.0,1314.0,10967
881,2022-02-18,1212.0,1248.0,1176.0,1236.0,10821
882,2022-02-22,1182.0,1254.0,1158.0,1170.0,9997
883,2022-02-23,1110.0,1224.0,1110.0,1218.0,11585
884,2022-02-24,1266.0,1266.0,978.0,990.0,23336
885,2022-02-25,1260.0,1284.0,1200.0,1284.0,9333
886,2022-02-28,1284.0,1332.0,1242.0,1248.0,15713
887,2022-03-01,1296.0,1332.0,1260.0,1290.0,16594
888,2022-03-02,1302.0,1314.0,1176.0,1242.0,19063
889,2022-03-03,1194.0,1314.0,1170.0,1302.0,10110
890,2022-03-04,1146.0,1218.0,1140.0,1194.0,8266
891,2022-03-07,1086.0,1152.0,1074.0,1140.0,16048
892,2022-03-08,1062.0,1122.0,1026.0,1086.0,14919
893,2022-03-09,1170.0,1182.0,1092.0,1110.0,13823
894,2022-03-10,1164.0,1176.0,1122.0,1146.0,6773
895,2022-03-11,1068.0,1170.0,1062.0,1170.0,8114
896,2022-03-14,996.0,1086.0,972.0,1074.0,14787
897,2022-03-15,1050.0,1056.0,990.0,1008.0,9217
898,2022-03-16,1164.0,1170.0,1080.0,1080.0,17766
899,2022-03-17,1284.0,1284.0,1110.0,1134.0,11439
900,2022-03-18,1404.0,1452.0,1260.0,1260.0,26088
901,2022-03-21,1368.0,1434.0,1332.0,1422.0,14305
902,2022-03-22,1440.0,1452.0,1362.0,1410.0,11438
903,2022-03-23,1440.0,1494.0,1392.0,1422.0,9577
904,2022-03-24,1446.0,1482.0,1386.0,1446.0,8387
905,2022-03-25,1422.0,1440.0,1392.0,1440.0,7360
906,2022-03-28,1434.0,1494.0,1392.0,1428.0,12889
907,2022-03-29,1560.0,1578.0,1446.0,1452.0,14786
908,2022-03-30,1620.0,1704.0,1512.0,1536.0,17500
909,2022-03-31,1548.0,1662.0,1542.0,1638.0,12188
910,2022-04-01,1602.0,1644.0,1542.0,1560.0,12225
911,2022-04-04,1638.0,1680.0,1602.0,1620.0,11386
912,2022-04-05,1554.0,1644.0,1542.0,1620.0,11662
913,2022-04-06,1446.0,1524.0,1410.0,1482.0,14291
914,2022-04-07,1392.0,1452.0,1344.0,1422.0,11905
915,2022-04-08,1320.0,1392.0,1308.0,1392.0,9249
916,2022-04-11,1248.0,1290.0,1212.0,1260.0,14593
917,2022-04-12,1254.0,1326.0,1224.0,1290.0,10378
918,2022-04-13,1290.0,1308.0,1242.0,1266.0,7602
919,2022-04-14,1242.0,1302.0,1224.0,1296.0,9048
920,2022-04-18,1152.0,1236.0,1146.0,1224.0,10554
921,2022-04-19,1188.0,1224.0,1140.0,1182.0,9019
922,2022-04-20,1164.0,1200.0,1146.0,1200.0,7687
923,2022-04-21,1086.0,1200.0,1068.0,1176.0,10323
924,2022-04-22,1038.0,1116.0,1020.0,1092.0,10593
925,2022-04-25,1086.0,1086.0,1014.0,1026.0,10260
926,2022-04-26,996.0,1086.0,990.0,1062.0,8804
927,2022-04-27,978.0,1050.0,972.0,1014.0,9714
928,2022-04-28,978.0,1014.0,900.0,996.0,13821
929,2022-04-29,978.0,1044.0,960.0,966.0,12173
930,2022-05-02,1038.0,1038.0,966.0,966.0,10025
931,2022-05-03,1056.0,1074.0,1014.0,1026.0,7748
932,2022-05-04,1116.0,1122.0,996.0,1056.0,12187
933,2022-05-05,1008.0,1086.0,996.0,1080.0,10365
934,2022-05-06,936.0,978.0,828.0,966.0,18453
935,2022-05-09,822.0,906.0,804.0,900.0,14286
936,2022-05-10,846.0,888.0,810.0,846.0,12849
937,2022-05-11,738.0,846.0,732.0,822.0,15877
938,2022-05-12,846.0,846.0,696.0,750.0,14209
939,2022-05-13,972.0,990.0,876.0,888.0,19054
940,2022-05-16,942.0,1014.0,930.0,960.0,8657
941,2022-05-17,1008.0,1068.0,954.0,996.0,10388
942,2022-05-18,942.0,1026.0,930.0,984.0,9774
943,2022-05-19,1008.0,1038.0,930.0,942.0,9856
944,2022-05-20,1002.0,1062.0,936.0,1032.0,8359
945,2022-05-23,942.0,1008.0,930.0,1008.0,8555
946,2022-05-24,900.0,936.0,876.0,936.0,8628
947,2022-05-25,888.0,912.0,870.0,882.0,8103
948,2022-05-26,918.0,948.0,882.0,906.0,7284
949,2022-05-27,1050.0,1050.0,918.0,918.0,12777
950,2022-05-31,1038.0,1056.0,1002.0,1032.0,13458
951,2022-06-01,942.0,1062.0,936.0,1056.0,12991
952,2022-06-02,1032.0,1038.0,930.0,948.0,10241
953,2022-06-03,996.0,1038.0,972.0,1020.0,7614
954,2022-06-06,966.0,1032.0,966.0,1002.0,6962
955,2022-06-07,1020.0,1026.0,948.0,954.0,7627
956,2022-06-08,1020.0,1062.0,996.0,1020.0,8428
957,2022-06-09,972.0,1008.0,960.0,1008.0,6169
958,2022-06-10,900.0,942.0,888.0,936.0,7389
959,2022-06-13,822.0,864.0,804.0,846.0,10698
960,2022-06-14,846.0,864.0,810.0,852.0,6511
961,2022-06-15,858.0,888.0,834.0,852.0,11303
962,2022-06-16,816.0,846.0,792.0,828.0,7389
963,2022-06-17,858.0,918.0,828.0,834.0,17460
964,2022-06-21,888.0,936.0,876.0,876.0,9472
965,2022-06-22,864.0,942.0,852.0,864.0,11813
966,2022-06-23,930.0,942.0,870.0,882.0,11879
967,2022-06-24,972.0,984.0,930.0,948.0,21853
968,2022-06-27,906.0,978.0,888.0,972.0,9169
969,2022-06-28,852.0,924.0,846.0,906.0,7457
970,2022-06-29,858.0,870.0,822.0,864.0,8926
971,2022-06-30,828.0,864.0,810.0,846.0,8149
972,2022-07-01,804.0,840.0,786.0,816.0,9761
973,2022-07-05,912.0,918.0,774.0,792.0,13547
974,2022-07-06,918.0,948.0,894.0,900.0,7151
975,2022-07-07,990.0,1002.0,912.0,924.0,11144
976,2022-07-08,978.0,1014.0,948.0,966.0,8365
977,2022-07-11,906.0,978.0,906.0,966.0,5624
978,2022-07-12,924.0,936.0,870.0,900.0,7113
979,2022-07-13,936.0,954.0,882.0,894.0,5127
980,2022-07-14,906.0,942.0,888.0,936.0,6414
981,2022-07-15,924.0,930.0,876.0,930.0,5499
982,2022-07-18,960.0,1020.0,918.0,936.0,17345
983,2022-07-19,1068.0,1074.0,966.0,990.0,14543
984,2022-07-20,1116.0,1134.0,1056.0,1062.0,11873
985,2022-07-21,1170.0,1176.0,1110.0,1122.0,10495
986,2022-07-22,1092.0,1182.0,1074.0,1170.0,9154
987,2022-07-25,1050.0,1098.0,1038.0,1098.0,6749
988,2022-07-26,1014.0,1068.0,1008.0,1062.0,4875
989,2022-07-27,1110.0,1116.0,1008.0,1044.0,7112
990,2022-07-28,1140.0,1140.0,1056.0,1092.0,7247
991,2022-07-29,1116.0,1146.0,1098.0,1128.0,6719
992,2022-08-01,1110.0,1152.0,1086.0,1122.0,6875
993,2022-08-02,1278.0,1290.0,1116.0,1116.0,17723
994,2022-08-03,1356.0,1446.0,1302.0,1404.0,17173
995,2022-08-04,1410.0,1422.0,1326.0,1356.0,16773
996,2022-08-05,1446.0,1446.0,1260.0,1302.0,14513
997,2022-08-08,1530.0,1584.0,1410.0,1494.0,18548
998,2022-08-09,1356.0,1488.0,1332.0,1482.0,14004
999,2022-08-10,1800.0,1800.0,1398.0,1440.0,31800
1000,2022-08-11,2028.0,2610.0,1830.0,1830.0,137533
1001,2022-08-12,2160.0,2220.0,2016.0,2070.0,35040
1002,2022-08-15,2160.0,2238.0,2052.0,2052.0,26246
1003,2022-08-16,2022.0,2184.0,1944.0,2166.0,20460
1004,2022-08-17,1950.0,2076.0,1902.0,1968.0,23396
1005,2022-08-18,1734.0,1974.0,1704.0,1938.0,20149
1006,2022-08-19,1596.0,1806.0,1590.0,1662.0,14915
1007,2022-08-22,1530.0,1650.0,1434.0,1524.0,11171
1008,2022-08-23,1500.0,1578.0,1476.0,1578.0,7671
1009,2022-08-24,1584.0,1644.0,1482.0,1530.0,10745
1010,2022-08-25,1716.0,1722.0,1572.0,1662.0,13146
1011,2022-08-26,1548.0,1734.0,1542.0,1716.0,12073
1012,2022-08-29,1464.0,1542.0,1452.0,1470.0,7303
1013,2022-08-30,1458.0,1512.0,1422.0,1476.0,7359
1014,2022-08-31,1488.0,1512.0,1428.0,1458.0,6914
1015,2022-09-01,1476.0,1482.0,1362.0,1458.0,11009
1016,2022-09-02,1386.0,1506.0,1368.0,1494.0,9916
1017,2022-09-06,1350.0,1410.0,1338.0,1374.0,6729
1018,2022-09-07,1410.0,1422.0,1308.0,1344.0,6444
1019,2022-09-08,1488.0,1488.0,1368.0,1404.0,8263
1020,2022-09-09,1506.0,1542.0,1476.0,1524.0,8538
1021,2022-09-12,1524.0,1542.0,1470.0,1518.0,6941
1022,2022-09-13,1392.0,1464.0,1380.0,1440.0,9153
1023,2022-09-14,1410.0,1416.0,1344.0,1404.0,7266
1024,2022-09-15,1410.0,1464.0,1380.0,1392.0,6654
1025,2022-09-16,1338.0,1374.0,1290.0,1368.0,12972
1026,2022-09-19,1302.0,1332.0,1254.0,1296.0,6423
1027,2022-09-20,1278.0,1314.0,1260.0,1284.0,5965
1028,2022-09-21,1212.0,1296.0,1206.0,1272.0,9260
1029,2022-09-22,1140.0,1230.0,1122.0,1224.0,8942
1030,2022-09-23,1116.0,1146.0,1086.0,1104.0,7487
1031,2022-09-26,1080.0,1146.0,1062.0,1068.0,7360
1032,2022-09-27,1086.0,1122.0,1068.0,1110.0,5772
1033,2022-09-28,1170.0,1188.0,1080.0,1086.0,7389
1034,2022-09-29,1122.0,1140.0,1080.0,1116.0,6458
1035,2022-09-30,1098.0,1170.0,1098.0,1122.0,4934
1036,2022-10-03,1080.0,1116.0,1056.0,1110.0,7856
1037,2022-10-04,1224.0,1230.0,1128.0,1128.0,10509
1038,2022-10-05,1314.0,1404.0,1224.0,1350.0,32306
1039,2022-10-06,1296.0,1410.0,1266.0,1308.0,12277
1040,2022-10-07,1188.0,1242.0,1164.0,1206.0,7705
1041,2022-10-10,1182.0,1200.0,1122.0,1200.0,6927
1042,2022-10-11,1272.0,1314.0,1158.0,1206.0,11229
1043,2022-10-12,1290.0,1320.0,1254.0,1320.0,9721
1044,2022-10-13,1356.0,1356.0,1206.0,1224.0,12363
1045,2022-10-14,1230.0,1410.0,1224.0,1386.0,11943
1046,2022-10-17,1248.0,1278.0,1218.0,1236.0,9312
1047,2022-10-18,1218.0,1296.0,1194.0,1284.0,11227
1048,2022-10-19,1176.0,1218.0,1158.0,1212.0,7642
1049,2022-10-20,1218.0,1284.0,1170.0,1176.0,9814
1050,2022-10-21,1284.0,1302.0,1176.0,1218.0,11923
1051,2022-10-24,1206.0,1284.0,1188.0,1284.0,9778
1052,2022-10-25,1404.0,1452.0,1248.0,1260.0,22650
1053,2022-10-26,1524.0,1650.0,1386.0,1422.0,23385
1054,2022-10-27,1278.0,1488.0,1278.0,1470.0,17475
1055,2022-10-28,1368.0,1374.0,1296.0,1320.0,11621
1056,2022-10-31,1404.0,1452.0,1344.0,1386.0,13517
1057,2022-11-01,1428.0,1464.0,1386.0,1428.0,12142
1058,2022-11-02,1338.0,1458.0,1332.0,1380.0,12906
1059,2022-11-03,1368.0,1440.0,1332.0,1374.0,9659
1060,2022-11-04,1374.0,1494.0,1332.0,1392.0,12566
1061,2022-11-07,1338.0,1428.0,1320.0,1398.0,8865
1062,2022-11-08,1368.0,1440.0,1314.0,1344.0,11702
1063,2022-11-09,1284.0,1386.0,1278.0,1368.0,10053
1064,2022-11-10,1446.0,1452.0,1332.0,1362.0,18824
1065,2022-11-11,1596.0,1680.0,1392.0,1392.0,35048
1066,2022-11-14,1674.0,1734.0,1518.0,1524.0,18103
1067,2022-11-15,1686.0,1806.0,1680.0,1740.0,19734
1068,2022-11-16,1614.0,1692.0,1578.0,1632.0,10523
1069,2022-11-17,1536.0,1566.0,1512.0,1542.0,9296
1070,2022-11-18,1482.0,1590.0,1458.0,1590.0,8610
1071,2022-11-21,1344.0,1464.0,1332.0,1458.0,8494
1072,2022-11-22,1332.0,1380.0,1326.0,1374.0,6636
1073,2022-11-23,1350.0,1368.0,1308.0,1350.0,6549
1074,2022-11-25,1332.0,1362.0,1326.0,1338.0,2392
1075,2022-11-28,1224.0,1332.0,1212.0,1314.0,9718
1076,2022-11-29,1140.0,1278.0,1140.0,1230.0,12921
1077,2022-11-30,1206.0,1212.0,1110.0,1176.0,15462
1078,2022-12-01,1188.0,1290.0,1170.0,1260.0,10736
1079,2022-12-02,1254.0,1260.0,1146.0,1164.0,10495
1080,2022-12-05,1200.0,1302.0,1188.0,1296.0,12031
1081,2022-12-06,1296.0,1374.0,1242.0,1290.0,28331
1082,2022-12-07,1272.0,1332.0,1260.0,1332.0,14567
1083,2022-12-08,1296.0,1350.0,1272.0,1308.0,14322
1084,2022-12-09,1272.0,1320.0,1266.0,1302.0,9878
1085,2022-12-12,1326.0,1332.0,1260.0,1284.0,13639
1086,2022-12-13,1212.0,1344.0,1200.0,1320.0,21582
1087,2022-12-14,1242.0,1278.0,1206.0,1212.0,13242
1088,2022-12-15,1158.0,1212.0,1158.0,1188.0,12205
1089,2022-12-16,1080.0,1128.0,1044.0,1092.0,26129
1090,2022-12-19,990.0,1050.0,984.0,1044.0,13662
1091,2022-12-20,990.0,1050.0,924.0,924.0,18111
1092,2022-12-21,966.0,1014.0,960.0,1014.0,10003
1093,2022-12-22,948.0,966.0,924.0,960.0,10054
1094,2022-12-23,912.0,948.0,900.0,930.0,6079
1095,2022-12-27,852.0,906.0,822.0,900.0,8591
1096,2022-12-28,840.0,870.0,834.0,840.0,4389
1097,2022-12-29,882.0,912.0,828.0,858.0,10319
1098,2022-12-30,876.0,888.0,846.0,858.0,7484
1099,2023-01-03,864.0,936.0,840.0,906.0,11732
1100,2023-01-04,894.0,906.0,858.0,870.0,8619
1101,2023-01-05,882.0,918.0,858.0,918.0,10729
1102,2023-01-06,876.0,906.0,822.0,906.0,10413
1103,2023-01-09,930.0,948.0,882.0,894.0,8816
1104,2023-01-10,990.0,990.0,918.0,924.0,8142
1105,2023-01-11,1080.0,1080.0,1002.0,1050.0,17056
1106,2023-01-12,1092.0,1098.0,1008.0,1068.0,15280
1107,2023-01-13,1086.0,1086.0,1038.0,1038.0,11991
1108,2023-01-17,1170.0,1176.0,1068.0,1092.0,12183
1109,2023-01-18,1098.0,1188.0,1086.0,1152.0,16587
1110,2023-01-19,1020.0,1098.0,1008.0,1080.0,10600
1111,2023-01-20,1098.0,1098.0,1020.0,1050.0,8951
1112,2023-01-23,1152.0,1170.0,1080.0,1116.0,12566
1113,2023-01-24,1104.0,1164.0,1086.0,1134.0,12978
1114,2023-01-25,1098.0,1110.0,1050.0,1074.0,8662
1115,2023-01-26,1086.0,1122.0,1056.0,1110.0,8509
1116,2023-01-27,1110.0,1122.0,1068.0,1080.0,7327
1117,2023-01-30,1056.0,1098.0,1050.0,1086.0,10280
1118,2023-01-31,1086.0,1104.0,1068.0,1074.0,8132
1119,2023-02-01,1110.0,1128.0,1056.0,1092.0,13059
1120,2023-02-02,1182.0,1212.0,1146.0,1158.0,18179
1121,2023-02-03,1122.0,1182.0,1116.0,1152.0,11573
1122,2023-02-06,1062.0,1134.0,1056.0,1134.0,15166
1123,2023-02-07,1032.0,1080.0,1008.0,1080.0,13957
1124,2023-02-08,990.0,1044.0,990.0,1038.0,10063
1125,2023-02-09,942.0,1026.0,930.0,1008.0,10428
1126,2023-02-10,936.0,954.0,918.0,948.0,7784
1127,2023-02-13,942.0,960.0,918.0,948.0,6962
1128,2023-02-14,942.0,972.0,906.0,960.0,12919
1129,2023-02-15,978.0,978.0,924.0,930.0,9599
1130,2023-02-16,918.0,966.0,912.0,954.0,13074
1131,2023-02-17,900.0,930.0,876.0,924.0,14251
1132,2023-02-21,828.0,894.0,828.0,888.0,13591
1133,2023-02-22,852.0,852.0,810.0,840.0,11412
1134,2023-02-23,816.0,870.0,786.0,858.0,14737
1135,2023-02-24,762.0,798.0,756.0,792.0,14067
1136,2023-02-27,780.0,798.0,768.0,792.0,10782
1137,2023-02-28,804.0,822.0,768.0,792.0,9203
1138,2023-03-01,780.0,816.0,768.0,804.0,6507
1139,2023-03-02,816.0,822.0,750.0,768.0,10140
1140,2023-03-03,828.0,834.0,804.0,828.0,7463
1141,2023-03-06,810.0,870.0,798.0,858.0,12602
1142,2023-03-07,786.0,840.0,780.0,828.0,8732
1143,2023-03-08,786.0,798.0,780.0,792.0,5639
1144,2023-03-09,750.0,810.0,750.0,810.0,10796
1145,2023-03-10,720.0,738.0,660.0,726.0,21646
1146,2023-03-13,756.0,768.0,666.0,708.0,16476
1147,2023-03-14,744.0,768.0,738.0,762.0,8324
1148,2023-03-15,720.0,738.0,696.0,726.0,10883
1149,2023-03-16,690.0,726.0,684.0,714.0,6902
1150,2023-03-17,678.0,696.0,660.0,690.0,12112
1151,2023-03-20,648.0,684.0,636.0,678.0,8313
1152,2023-03-21,684.0,702.0,654.0,654.0,7122
1153,2023-03-22,654.0,708.0,648.0,684.0,7169
1154,2023-03-23,654.0,690.0,636.0,672.0,7187
1155,2023-03-24,660.0,678.0,636.0,642.0,4995
1156,2023-03-27,660.0,684.0,654.0,660.0,4710
1157,2023-03-28,636.0,666.0,630.0,660.0,4830
1158,2023-03-29,636.0,660.0,624.0,642.0,7025
1159,2023-03-30,636.0,654.0,624.0,648.0,5488
1160,2023-03-31,666.0,666.0,630.0,636.0,7405
1161,2023-04-03,654.0,672.0,636.0,672.0,6924
1162,2023-04-04,630.0,654.0,618.0,648.0,9346
1163,2023-04-05,618.0,636.0,612.0,630.0,6009
1164,2023-04-06,630.0,636.0,588.0,612.0,9842
1165,2023-04-10,612.0,630.0,594.0,630.0,5715
1166,2023-04-11,654.0,666.0,612.0,618.0,10326
1167,2023-04-12,648.0,708.0,642.0,678.0,6843
1168,2023-04-13,696.0,708.0,660.0,666.0,8075
1169,2023-04-14,654.0,708.0,642.0,696.0,7798
1170,2023-04-17,540.0,588.0,474.0,588.0,48063
1171,2023-04-18,450.0,540.0,450.0,540.0,40485
1172,2023-04-19,444.0,456.0,384.0,444.0,39614
1173,2023-04-20,420.0,444.0,420.0,438.0,13664
1174,2023-04-21,408.0,438.0,402.0,414.0,14786
1175,2023-04-24,468.0,480.0,414.0,414.0,33120
1176,2023-04-25,444.0,468.0,438.0,468.0,13248
1177,2023-04-26,432.0,450.0,414.0,444.0,8997
1178,2023-04-27,420.0,444.0,414.0,438.0,10089
1179,2023-04-28,414.0,426.0,408.0,420.0,10658
1180,2023-05-01,402.0,426.0,402.0,420.0,7382
1181,2023-05-02,372.0,402.0,366.0,396.0,16026
1182,2023-05-03,396.0,402.0,360.0,366.0,11326
1183,2023-05-04,396.0,402.0,384.0,396.0,7985
1184,2023-05-05,438.0,450.0,408.0,414.0,15514
1185,2023-05-08,438.0,462.0,420.0,456.0,10931
1186,2023-05-09,444.0,450.0,414.0,444.0,14589
1187,2023-05-10,468.0,480.0,438.0,444.0,17023
1188,2023-05-11,450.0,468.0,420.0,468.0,11476
1189,2023-05-12,396.0,456.0,396.0,450.0,15433
1190,2023-05-15,396.0,420.0,396.0,402.0,10848
1191,2023-05-16,396.0,408.0,384.0,396.0,10055
1192,2023-05-17,420.0,426.0,390.0,396.0,16188
1193,2023-05-18,408.0,426.0,396.0,426.0,11627
1194,2023-05-19,402.0,420.0,396.0,420.0,10421
1195,2023-05-22,408.0,420.0,396.0,402.0,15255
1196,2023-05-23,426.0,438.0,414.0,420.0,19396
1197,2023-05-24,402.0,420.0,396.0,414.0,12775
1198,2023-05-25,390.0,420.0,372.0,420.0,16500
1199,2023-05-26,384.0,402.0,378.0,396.0,10734
1200,2023-05-30,414.0,426.0,390.0,390.0,21973
1201,2023-05-31,414.0,426.0,414.0,414.0,21548
1202,2023-06-01,438.0,444.0,414.0,420.0,15916
1203,2023-06-02,474.0,486.0,444.0,480.0,26187
1204,2023-06-05,462.0,492.0,450.0,486.0,17223
1205,2023-06-06,462.0,480.0,456.0,468.0,13792
1206,2023-06-07,450.0,486.0,450.0,468.0,21591
1207,2023-06-08,438.0,480.0,432.0,456.0,12303
1208,2023-06-09,444.0,456.0,438.0,438.0,13468
1209,2023-06-12,444.0,462.0,432.0,438.0,16084
1210,2023-06-13,456.0,468.0,450.0,462.0,13745
1211,2023-06-14,450.0,480.0,444.0,456.0,18895
1212,2023-06-15,444.0,462.0,438.0,450.0,13940
1213,2023-06-16,426.0,468.0,426.0,468.0,19635
1214,2023-06-20,408.0,426.0,384.0,426.0,19956
1215,2023-06-21,390.0,414.0,390.0,414.0,10752
1216,2023-06-22,384.0,390.0,372.0,390.0,11278
1217,2023-06-23,372.0,390.0,372.0,390.0,70283
1218,2023-06-26,342.0,372.0,336.0,372.0,21081
1219,2023-06-27,354.0,360.0,330.0,348.0,17296
1220,2023-06-28,348.0,360.0,342.0,354.0,12982
1221,2023-06-29,366.0,384.0,354.0,354.0,29206
1222,2023-06-30,366.0,384.0,366.0,378.0,15435
1223,2023-07-03,384.0,396.0,372.0,384.0,18285
1224,2023-07-05,378.0,384.0,366.0,384.0,17133
1225,2023-07-06,360.0,378.0,348.0,378.0,19809
1226,2023-07-07,348.0,366.0,342.0,360.0,22945
1227,2023-07-10,378.0,378.0,354.0,354.0,39361
1228,2023-07-11,384.0,390.0,378.0,378.0,12451
1229,2023-07-12,390.0,396.0,390.0,390.0,13499
1230,2023-07-13,390.0,408.0,390.0,396.0,19707
1231,2023-07-14,390.0,402.0,384.0,402.0,10472
1232,2023-07-17,384.0,396.0,384.0,390.0,12486
1233,2023-07-18,372.0,396.0,366.0,390.0,14612
1234,2023-07-19,372.0,384.0,366.0,372.0,13371
1235,2023-07-20,354.0,384.0,348.0,372.0,14235
1236,2023-07-21,360.0,366.0,348.0,360.0,14481
1237,2023-07-24,348.0,366.0,342.0,360.0,14193
1238,2023-07-25,348.0,360.0,342.0,360.0,17521
1239,2023-07-26,354.0,354.0,342.0,348.0,10362
1240,2023-07-27,336.0,360.0,330.0,354.0,13658
1241,2023-07-28,348.0,354.0,336.0,348.0,16016
1242,2023-07-31,354.0,372.0,348.0,360.0,20624
1243,2023-08-01,366.0,366.0,348.0,360.0,15956
1244,2023-08-02,348.0,360.0,342.0,354.0,16605
1245,2023-08-03,354.0,360.0,336.0,348.0,15500
1246,2023-08-04,294.0,354.0,282.0,354.0,44684
1247,2023-08-07,280.20001220703125,291.0,243.60000610351562,291.0,24842
1248,2023-08-08,241.1999969482422,268.79998779296875,229.1999969482422,268.79998779296875,38415
1249,2023-08-09,249.0,254.39999389648438,240.0,241.1999969482422,17415
1250,2023-08-10,240.60000610351562,243.0,220.1999969482422,242.39999389648438,28622
1251,2023-08-11,239.39999389648438,244.1999969482422,233.39999389648438,237.60000610351562,11958
1252,2023-08-14,207.60000610351562,236.39999389648438,201.60000610351562,234.0,37508
1253,2023-08-15,200.39999389648438,207.0,196.1999969482422,203.39999389648438,26258
1254,2023-08-16,186.0,198.60000610351562,186.0,198.60000610351562,19645
1255,2023-08-17,182.39999389648438,187.8000030517578,180.60000610351562,186.60000610351562,13690
1256,2023-08-18,178.8000030517578,185.39999389648438,178.8000030517578,180.0,12910
1257,2023-08-21,182.39999389648438,186.0,177.0,180.0,10020
1258,2023-08-22,183.60000610351562,187.8000030517578,179.39999389648438,182.39999389648438,11188
1259,2023-08-23,181.8000030517578,185.39999389648438,179.39999389648438,183.60000610351562,9512
1260,2023-08-24,182.39999389648438,184.8000030517578,178.8000030517578,182.39999389648438,11647
1261,2023-08-25,184.8000030517578,187.8000030517578,179.39999389648438,182.39999389648438,7233
1262,2023-08-28,180.60000610351562,186.60000610351562,179.39999389648438,185.39999389648438,8262
1263,2023-08-29,196.8000030517578,213.60000610351562,180.0,181.8000030517578,26753
1264,2023-08-30,219.60000610351562,229.1999969482422,192.60000610351562,196.8000030517578,27325
1265,2023-08-31,231.60000610351562,252.0,217.1999969482422,219.60000610351562,36803
1266,2023-09-01,231.0,244.1999969482422,222.0,239.39999389648438,20805
1267,2023-09-05,226.8000030517578,231.60000610351562,222.0,228.60000610351562,10773
1268,2023-09-06,213.0,230.39999389648438,201.0,226.8000030517578,17570
1269,2023-09-07,202.1999969482422,208.1999969482422,198.0,208.1999969482422,5457
1270,2023-09-08,203.39999389648438,204.0,194.39999389648438,201.60000610351562,7392
1271,2023-09-11,209.39999389648438,221.39999389648438,202.1999969482422,203.39999389648438,14845
1272,2023-09-12,213.0,231.0,205.8000030517578,207.0,18087
1273,2023-09-13,202.8000030517578,216.60000610351562,202.8000030517578,214.1999969482422,9873
1274,2023-09-14,203.39999389648438,214.8000030517578,199.1999969482422,207.60000610351562,10398
1275,2023-09-15,195.0,205.1999969482422,192.0,203.39999389648438,15235
1276,2023-09-18,180.0,194.39999389648438,179.39999389648438,194.39999389648438,12468
1277,2023-09-19,180.0,183.60000610351562,175.8000030517578,180.0,8427
1278,2023-09-20,180.0,184.1999969482422,178.8000030517578,181.8000030517578,6512
1279,2023-09-21,178.8000030517578,187.8000030517578,177.0,177.60000610351562,9893
1280,2023-09-22,175.1999969482422,182.39999389648438,174.60000610351562,180.0,7130
1281,2023-09-25,178.8000030517578,178.8000030517578,167.39999389648438,174.0,9377
1282,2023-09-26,170.39999389648438,180.0,170.39999389648438,177.0,7025
1283,2023-09-27,175.8000030517578,176.39999389648438,170.39999389648438,171.0,3955
1284,2023-09-28,174.0,177.0,171.0,177.0,3312
1285,2023-09-29,181.8000030517578,184.8000030517578,176.39999389648438,177.0,6215
1286,2023-10-02,175.8000030517578,181.8000030517578,173.39999389648438,180.60000610351562,6677
1287,2023-10-03,172.1999969482422,175.1999969482422,170.39999389648438,174.0,5327
1288,2023-10-04,160.8000030517578,171.60000610351562,159.60000610351562,169.8000030517578,12103
1289,2023-10-05,161.39999389648438,165.0,156.60000610351562,160.8000030517578,6038
1290,2023-10-06,164.39999389648438,166.8000030517578,156.60000610351562,162.0,4843
1291,2023-10-09,167.39999389648438,167.39999389648438,159.60000610351562,161.39999389648438,5212
1292,2023-10-10,177.0,179.39999389648438,166.8000030517578,166.8000030517578,6783
1293,2023-10-11,157.8000030517578,180.60000610351562,156.60000610351562,178.1999969482422,21028
1294,2023-10-12,145.8000030517578,160.1999969482422,144.60000610351562,159.60000610351562,12393
1295,2023-10-13,133.1999969482422,145.1999969482422,127.80000305175781,145.1999969482422,13840
1296,2023-10-16,136.1999969482422,139.1999969482422,133.1999969482422,135.60000610351562,10385
1297,2023-10-17,126.5999984741211,135.60000610351562,126.0,135.0,14875
1298,2023-10-18,111.0,126.5999984741211,106.19999694824219,126.5999984741211,30837
1299,2023-10-19,103.19999694824219,112.19999694824219,102.5999984741211,112.19999694824219,14840
1300,2023-10-20,96.5999984741211,103.80000305175781,93.5999984741211,103.80000305175781,18563
1301,2023-10-23,88.80000305175781,96.5999984741211,87.5999984741211,95.4000015258789,21312
1302,2023-10-24,84.5999984741211,94.19999694824219,84.0,88.19999694824219,19205
1303,2023-10-25,78.5999984741211,85.80000305175781,75.0,85.19999694824219,17450
1304,2023-10-26,79.19999694824219,83.4000015258789,78.0,78.5999984741211,8462
1305,2023-10-27,75.5999984741211,79.80000305175781,74.4000015258789,79.80000305175781,17557
1306,2023-10-30,78.5999984741211,79.19999694824219,72.0,76.19999694824219,14915
1307,2023-10-31,82.80000305175781,91.80000305175781,78.5999984741211,79.19999694824219,23918
1308,2023-11-01,79.80000305175781,88.19999694824219,74.4000015258789,85.19999694824219,14552
1309,2023-11-02,89.4000015258789,91.80000305175781,80.4000015258789,80.4000015258789,21882
1310,2023-11-03,94.19999694824219,98.4000015258789,90.5999984741211,91.19999694824219,20008
1311,2023-11-06,97.80000305175781,105.0,94.80000305175781,98.4000015258789,20245
1312,2023-11-07,85.80000305175781,97.80000305175781,85.19999694824219,97.80000305175781,21735
1313,2023-11-08,81.5999984741211,90.0,78.5999984741211,90.0,19552
1314,2023-11-09,79.80000305175781,88.19999694824219,78.5999984741211,81.5999984741211,22210
1315,2023-11-10,78.0,80.4000015258789,75.5999984741211,79.80000305175781,17208
1316,2023-11-13,76.80000305175781,78.5999984741211,71.4000015258789,75.5999984741211,21355
1317,2023-11-14,84.0,88.80000305175781,81.0,81.0,28648
1318,2023-11-15,82.19999694824219,90.5999984741211,81.5999984741211,85.19999694824219,27892
1319,2023-11-16,78.5999984741211,80.4000015258789,77.4000015258789,79.80000305175781,12813
1320,2023-11-17,81.0,81.5999984741211,76.80000305175781,78.5999984741211,13588
1321,2023-11-20,87.5999984741211,90.5999984741211,82.19999694824219,82.80000305175781,31817
1322,2023-11-21,87.0,93.5999984741211,84.5999984741211,87.5999984741211,19525
1323,2023-11-22,87.0,88.19999694824219,83.4000015258789,87.0,10565
1324,2023-11-24,99.0,99.5999984741211,85.80000305175781,85.80000305175781,22397
1325,2023-11-27,91.80000305175781,98.4000015258789,89.4000015258789,97.80000305175781,25153
1326,2023-11-28,90.5999984741211,91.80000305175781,87.5999984741211,91.19999694824219,13573
1327,2023-11-29,94.80000305175781,102.0,90.5999984741211,90.5999984741211,23327
1328,2023-11-30,95.4000015258789,106.80000305175781,94.80000305175781,97.19999694824219,41298
1329,2023-12-01,99.5999984741211,100.19999694824219,90.5999984741211,97.80000305175781,21240
1330,2023-12-04,108.0,111.5999984741211,99.5999984741211,100.19999694824219,32702
1331,2023-12-05,99.0,109.19999694824219,97.19999694824219,109.19999694824219,26018
1332,2023-12-06,100.19999694824219,107.4000015258789,99.5999984741211,102.0,21322
1333,2023-12-07,91.19999694824219,102.0,90.0,101.4000015258789,29025
1334,2023-12-08,88.19999694824219,94.19999694824219,87.0,91.19999694824219,17483
1335,2023-12-11,84.5999984741211,90.0,81.5999984741211,90.0,18187
1336,2023-12-12,86.4000015258789,88.19999694824219,81.5999984741211,84.5999984741211,15672
1337,2023-12-13,90.0,91.19999694824219,82.80000305175781,86.4000015258789,21115
1338,2023-12-14,97.80000305175781,105.0,93.5999984741211,94.19999694824219,49952
1339,2023-12-15,90.0,102.5999984741211,90.0,101.4000015258789,39225
1340,2023-12-18,91.19999694824219,96.5999984741211,90.0,90.5999984741211,16747
1341,2023-12-19,97.19999694824219,100.19999694824219,93.5999984741211,93.5999984741211,27567
1342,2023-12-20,97.19999694824219,106.19999694824219,95.4000015258789,97.19999694824219,49035
1343,2023-12-21,97.19999694824219,102.5999984741211,94.80000305175781,99.5999984741211,24233
1344,2023-12-22,101.4000015258789,103.19999694824219,97.80000305175781,99.5999984741211,31240
1345,2023-12-26,118.19999694824219,119.4000015258789,102.0,102.5999984741211,57177
1346,2023-12-27,126.0,128.39999389648438,117.5999984741211,126.0,72880
1347,2023-12-28,123.5999984741211,136.1999969482422,117.5999984741211,126.5999984741211,88508
1348,2023-12-29,113.4000015258789,126.5999984741211,112.80000305175781,123.5999984741211,41610
1349,2024-01-02,120.0,129.60000610351562,109.80000305175781,112.19999694824219,61055
1350,2024-01-03,111.0,118.80000305175781,108.0,118.19999694824219,34338
1351,2024-01-04,105.5999984741211,114.0,105.0,114.0,25455
1352,2024-01-05,99.5999984741211,105.5999984741211,97.80000305175781,105.5999984741211,29233
1353,2024-01-08,106.80000305175781,107.4000015258789,94.80000305175781,102.0,24492
1354,2024-01-09,97.80000305175781,107.4000015258789,97.19999694824219,106.80000305175781,24497
1355,2024-01-10,92.4000015258789,99.0,91.80000305175781,98.4000015258789,33847
1356,2024-01-11,85.19999694824219,93.0,83.4000015258789,93.0,49830
1357,2024-01-12,81.5999984741211,90.0,81.0,85.80000305175781,32690
1358,2024-01-16,77.4000015258789,81.0,76.80000305175781,81.0,31162
1359,2024-01-17,73.80000305175781,77.4000015258789,72.0,75.5999984741211,44008
1360,2024-01-18,73.19999694824219,76.80000305175781,70.80000305175781,75.5999984741211,23557
1361,2024-01-19,75.0,75.0,69.0,72.5999984741211,39048
1362,2024-01-22,79.19999694824219,84.0,75.0,76.19999694824219,37605
1363,2024-01-23,79.19999694824219,84.0,76.19999694824219,82.80000305175781,30053
1364,2024-01-24,74.4000015258789,81.5999984741211,73.19999694824219,81.5999984741211,25252
1365,2024-01-25,74.4000015258789,75.5999984741211,72.0,75.5999984741211,16405
1366,2024-01-26,73.19999694824219,79.19999694824219,72.5999984741211,72.5999984741211,17987
1367,2024-01-29,75.5999984741211,76.80000305175781,72.0,74.4000015258789,25138
1368,2024-01-30,75.0,78.5999984741211,73.19999694824219,76.19999694824219,30248
1369,2024-01-31,70.80000305175781,75.0,70.19999694824219,75.0,29883
1370,2024-02-01,68.4000015258789,71.4000015258789,66.0,70.80000305175781,40597
1371,2024-02-02,67.19999694824219,69.0,65.4000015258789,69.0,19798
1372,2024-02-05,65.4000015258789,67.80000305175781,62.400001525878906,67.19999694824219,44450
1373,2024-02-06,69.5999984741211,70.19999694824219,63.0,64.19999694824219,20643
1374,2024-02-07,67.19999694824219,70.19999694824219,66.0,69.5999984741211,19770
1375,2024-02-08,70.80000305175781,72.0,67.19999694824219,67.19999694824219,19190
1376,2024-02-09,73.80000305175781,74.4000015258789,70.19999694824219,72.0,20277
1377,2024-02-12,78.0,80.4000015258789,73.80000305175781,75.0,46367
1378,2024-02-13,71.4000015258789,76.80000305175781,70.19999694824219,76.80000305175781,27465
1379,2024-02-14,73.80000305175781,75.5999984741211,72.0,72.0,19520
1380,2024-02-15,76.19999694824219,78.5999984741211,73.80000305175781,76.19999694824219,24670
1381,2024-02-16,75.0,78.5999984741211,74.4000015258789,75.5999984741211,18945
1382,2024-02-20,72.5999984741211,74.4000015258789,72.0,73.80000305175781,21282
1383,2024-02-21,70.19999694824219,72.5999984741211,68.4000015258789,72.5999984741211,22022
1384,2024-02-22,69.5999984741211,72.0,67.80000305175781,72.0,19582
1385,2024-02-23,68.4000015258789,69.5999984741211,66.5999984741211,69.0,14878
1386,2024-02-26,70.19999694824219,72.0,69.0,70.19999694824219,16313
1387,2024-02-27,78.0,78.0,69.0,71.4000015258789,34668
1388,2024-02-28,76.19999694824219,81.0,75.0,76.80000305175781,30153
1389,2024-02-29,75.0,80.4000015258789,73.80000305175781,78.5999984741211,16655
1390,2024-03-01,75.0,76.19999694824219,73.80000305175781,75.5999984741211,22710
1391,2024-03-04,72.5999984741211,76.80000305175781,69.5999984741211,76.19999694824219,19945
1392,2024-03-05,71.4000015258789,74.4000015258789,70.19999694824219,72.0,28498
1393,2024-03-06,72.5999984741211,74.4000015258789,64.19999694824219,70.19999694824219,43790
1394,2024-03-07,69.0,73.19999694824219,69.0,71.4000015258789,24370
1395,2024-03-08,68.4000015258789,75.5999984741211,66.5999984741211,70.19999694824219,40253
1396,2024-03-11,66.5999984741211,71.4000015258789,66.5999984741211,70.19999694824219,26738
1397,2024-03-12,63.599998474121094,67.19999694824219,63.599998474121094,67.19999694824219,28817
1398,2024-03-13,64.80000305175781,66.5999984741211,63.599998474121094,63.599998474121094,21942
1399,2024-03-14,61.20000076293945,65.4000015258789,60.599998474121094,65.4000015258789,27713
1400,2024-03-15,60.599998474121094,64.19999694824219,60.599998474121094,61.79999923706055,20283
1401,2024-03-18,61.20000076293945,61.79999923706055,60.0,60.599998474121094,15438
1402,2024-03-19,62.400001525878906,64.19999694824219,60.599998474121094,61.79999923706055,17572
1403,2024-03-20,63.0,63.599998474121094,60.0,62.400001525878906,16255
1404,2024-03-21,63.599998474121094,66.0,63.0,63.0,20582
1405,2024-03-22,62.400001525878906,63.599998474121094,61.20000076293945,63.599998474121094,11785
1406,2024-03-25,61.79999923706055,66.5999984741211,61.20000076293945,63.0,20817
1407,2024-03-26,62.400001525878906,63.599998474121094,61.20000076293945,63.0,12297
1408,2024-03-27,65.4000015258789,68.4000015258789,62.400001525878906,62.400001525878906,29043
1409,2024-03-28,66.5999984741211,70.19999694824219,65.4000015258789,66.0,28645
1410,2024-04-01,64.19999694824219,68.4000015258789,60.599998474121094,68.4000015258789,26228
1411,2024-04-02,60.0,64.80000305175781,57.599998474121094,64.19999694824219,53438
1412,2024-04-03,61.20000076293945,63.0,60.0,60.0,17113
1413,2024-04-04,59.400001525878906,69.5999984741211,58.20000076293945,61.79999923706055,87863
1414,2024-04-05,61.20000076293945,62.400001525878906,58.79999923706055,59.400001525878906,26348
1415,2024-04-08,63.599998474121094,64.80000305175781,61.20000076293945,62.400001525878906,18018
1416,2024-04-09,63.0,66.5999984741211,62.400001525878906,63.599998474121094,19020
1417,2024-04-10,62.400001525878906,64.19999694824219,59.400001525878906,62.400001525878906,30322
1418,2024-04-11,61.79999923706055,64.19999694824219,60.599998474121094,64.19999694824219,14365
1419,2024-04-12,58.79999923706055,61.79999923706055,57.0,60.599998474121094,31365
1420,2024-04-15,52.20000076293945,59.400001525878906,51.0,59.400001525878906,52770
1421,2024-04-16,51.599998474121094,55.79999923706055,51.0,52.79999923706055,25753
1422,2024-04-17,49.20000076293945,53.400001525878906,47.400001525878906,52.79999923706055,26643
1423,2024-04-18,47.400001525878906,49.20000076293945,42.599998474121094,48.0,39422
1424,2024-04-19,45.0,48.599998474121094,45.0,47.400001525878906,16467
1425,2024-04-22,45.599998474121094,47.400001525878906,44.400001525878906,45.0,14518
1426,2024-04-23,47.400001525878906,48.599998474121094,46.20000076293945,46.20000076293945,13763
1427,2024-04-24,45.599998474121094,48.599998474121094,45.599998474121094,47.400001525878906,13292
1428,2024-04-25,45.599998474121094,46.79999923706055,44.400001525878906,46.79999923706055,14012
1429,2024-04-26,47.400001525878906,47.400001525878906,45.0,45.599998474121094,9350
1430,2024-04-29,52.20000076293945,52.20000076293945,46.20000076293945,46.20000076293945,19065
1431,2024-04-30,52.79999923706055,53.400001525878906,50.400001525878906,51.599998474121094,8985
1432,2024-05-01,57.599998474121094,58.79999923706055,53.400001525878906,53.400001525878906,16907
1433,2024-05-02,57.0,60.599998474121094,54.0,59.400001525878906,15682
1434,2024-05-03,57.0,61.20000076293945,55.79999923706055,58.79999923706055,16337
1435,2024-05-06,60.0,60.599998474121094,57.0,57.0,13997
1436,2024-05-07,57.599998474121094,61.20000076293945,57.0,60.599998474121094,11780
1437,2024-05-08,55.20000076293945,57.0,53.400001525878906,57.0,21370
1438,2024-05-09,58.79999923706055,60.599998474121094,54.599998474121094,57.0,17087
1439,2024-05-10,57.599998474121094,60.599998474121094,55.79999923706055,60.599998474121094,10380
1440,2024-05-13,61.79999923706055,64.19999694824219,57.599998474121094,57.599998474121094,23183
1441,2024-05-14,66.5999984741211,69.0,62.400001525878906,63.599998474121094,35645
1442,2024-05-15,69.0,72.5999984741211,66.5999984741211,69.0,40203
1443,2024-05-16,66.5999984741211,69.5999984741211,61.79999923706055,69.5999984741211,24478
1444,2024-05-17,68.4000015258789,69.0,65.4000015258789,67.19999694824219,14498
1445,2024-05-20,64.80000305175781,69.0,61.79999923706055,69.0,20432
1446,2024-05-21,63.0,64.80000305175781,61.20000076293945,63.0,11727
1447,2024-05-22,66.5999984741211,70.80000305175781,62.400001525878906,63.0,30265
1448,2024-05-23,61.79999923706055,67.80000305175781,60.0,66.0,17577
1449,2024-05-24,64.19999694824219,66.0,62.400001525878906,63.599998474121094,10883
1450,2024-05-28,61.79999923706055,66.0,61.20000076293945,64.80000305175781,14180
1451,2024-05-29,58.79999923706055,61.79999923706055,58.20000076293945,61.79999923706055,21003
1452,2024-05-30,58.20000076293945,61.20000076293945,57.0,58.79999923706055,18327
1453,2024-05-31,58.20000076293945,60.599998474121094,57.599998474121094,59.400001525878906,14893
1454,2024-06-03,55.79999923706055,60.599998474121094,55.20000076293945,58.20000076293945,16728
1455,2024-06-04,54.0,56.400001525878906,53.400001525878906,56.400001525878906,16958
1456,2024-06-05,55.20000076293945,55.79999923706055,52.79999923706055,54.599998474121094,16238
1457,2024-06-06,53.400001525878906,55.79999923706055,52.20000076293945,55.79999923706055,17973
1458,2024-06-07,52.20000076293945,54.0,51.0,52.79999923706055,11477
1459,2024-06-10,50.400001525878906,53.400001525878906,50.400001525878906,52.79999923706055,12453
1460,2024-06-11,51.599998474121094,52.20000076293945,49.79999923706055,50.400001525878906,17418
1461,2024-06-12,50.400001525878906,52.79999923706055,49.79999923706055,51.599998474121094,12662
1462,2024-06-13,50.400001525878906,51.0,48.599998474121094,50.400001525878906,10660
1463,2024-06-14,49.79999923706055,51.0,49.20000076293945,49.79999923706055,10142
1464,2024-06-17,48.599998474121094,49.79999923706055,48.0,49.20000076293945,13335
1465,2024-06-18,46.79999923706055,50.400001525878906,46.79999923706055,49.79999923706055,15203
1466,2024-06-20,48.0,52.20000076293945,46.20000076293945,46.79999923706055,30687
1467,2024-06-21,45.0,48.599998474121094,45.0,48.0,44330
1468,2024-06-24,41.400001525878906,45.599998474121094,41.400001525878906,45.0,35797
1469,2024-06-25,38.400001525878906,43.20000076293945,38.400001525878906,42.0,25412
1470,2024-06-26,39.0,40.20000076293945,37.20000076293945,38.400001525878906,24583
1471,2024-06-27,43.79999923706055,44.400001525878906,39.0,39.599998474121094,22002
1472,2024-06-28,40.79999923706055,45.0,39.599998474121094,45.0,26743
1473,2024-07-01,39.599998474121094,42.0,39.0,42.0,15715
1474,2024-07-02,34.20000076293945,40.79999923706055,33.0,40.20000076293945,70887
1475,2024-07-03,34.20000076293945,36.0,33.0,34.79999923706055,33212
1476,2024-07-05,33.0,34.79999923706055,31.200000762939453,33.0,51917
1477,2024-07-08,33.0,34.20000076293945,31.200000762939453,31.799999237060547,56225
1478,2024-07-09,37.20000076293945,40.79999923706055,32.400001525878906,34.79999923706055,97458
1479,2024-07-10,39.0,40.79999923706055,36.599998474121094,37.20000076293945,48097
1480,2024-07-11,37.79999923706055,41.400001525878906,37.20000076293945,39.599998474121094,33847
1481,2024-07-12,39.0,39.599998474121094,37.79999923706055,37.79999923706055,28227
1482,2024-07-15,37.79999923706055,40.20000076293945,35.400001525878906,39.599998474121094,31418
1483,2024-07-16,39.599998474121094,39.599998474121094,36.599998474121094,37.79999923706055,37015
1484,2024-07-17,39.599998474121094,40.79999923706055,37.79999923706055,40.20000076293945,22608
1485,2024-07-18,37.20000076293945,41.400001525878906,36.599998474121094,40.79999923706055,23860
1486,2024-07-19,36.0,38.400001525878906,34.79999923706055,37.79999923706055,24730
1487,2024-07-22,37.20000076293945,37.79999923706055,34.79999923706055,35.400001525878906,23948
1488,2024-07-23,37.79999923706055,39.0,37.20000076293945,37.20000076293945,19105
1489,2024-07-24,37.20000076293945,40.20000076293945,36.0,37.79999923706055,27362
1490,2024-07-25,36.0,38.400001525878906,35.400001525878906,36.599998474121094,20817
1491,2024-07-26,37.79999923706055,37.79999923706055,35.400001525878906,36.599998474121094,18627
1492,2024-07-29,37.79999923706055,39.0,36.599998474121094,38.400001525878906,13992
1493,2024-07-30,37.79999923706055,39.0,36.0,37.79999923706055,11425
1494,2024-07-31,38.400001525878906,40.20000076293945,37.20000076293945,39.0,22780
1495,2024-08-01,35.400001525878906,39.599998474121094,34.79999923706055,39.0,22223
1496,2024-08-02,33.0,34.79999923706055,31.200000762939453,34.20000076293945,37123
1497,2024-08-05,31.200000762939453,33.0,30.0,30.0,25268
1498,2024-08-06,30.600000381469727,33.0,30.600000381469727,32.400001525878906,15040
1499,2024-08-07,25.799999237060547,31.799999237060547,25.200000762939453,31.200000762939453,66765
1500,2024-08-08,24.0,27.600000381469727,18.600000381469727,27.0,150060
1501,2024-08-09,23.399999618530273,24.600000381469727,22.200000762939453,24.0,37100
1502,2024-08-12,23.399999618530273,25.200000762939453,21.600000381469727,24.600000381469727,27945
1503,2024-08-13,25.799999237060547,26.399999618530273,24.0,24.0,29500
1504,2024-08-14,25.200000762939453,27.0,24.600000381469727,27.0,16517
1505,2024-08-15,31.200000762939453,31.200000762939453,25.799999237060547,25.799999237060547,64102
1506,2024-08-16,32.400001525878906,34.79999923706055,30.0,30.600000381469727,45173
1507,2024-08-19,33.599998474121094,37.20000076293945,32.400001525878906,33.0,61092
1508,2024-08-20,31.200000762939453,34.79999923706055,30.600000381469727,34.20000076293945,26737
1509,2024-08-21,33.0,33.0,30.600000381469727,31.200000762939453,30618
1510,2024-08-22,31.200000762939453,33.599998474121094,29.399999618530273,33.599998474121094,24400
1511,2024-08-23,31.799999237060547,33.0,31.200000762939453,31.799999237060547,12633
1512,2024-08-26,31.200000762939453,32.400001525878906,30.0,31.799999237060547,21522
1513,2024-08-27,30.600000381469727,31.799999237060547,30.0,31.200000762939453,8907
1514,2024-08-28,28.799999237060547,30.600000381469727,27.600000381469727,30.600000381469727,20322
1515,2024-08-29,28.799999237060547,29.399999618530273,27.600000381469727,28.200000762939453,10773
1516,2024-08-30,29.399999618530273,29.399999618530273,27.600000381469727,28.799999237060547,13012
1517,2024-09-03,27.600000381469727,29.399999618530273,27.600000381469727,29.399999618530273,10482
1518,2024-09-04,27.0,28.200000762939453,27.0,27.600000381469727,9945
1519,2024-09-05,27.600000381469727,27.600000381469727,26.399999618530273,27.600000381469727,13843
1520,2024-09-06,26.399999618530273,27.600000381469727,25.799999237060547,27.600000381469727,14843
1521,2024-09-09,27.0,27.600000381469727,26.399999618530273,27.0,12835
1522,2024-09-10,26.399999618530273,27.0,24.600000381469727,26.399999618530273,20048
1523,2024-09-11,28.799999237060547,28.799999237060547,25.200000762939453,25.799999237060547,16770
1524,2024-09-12,27.0,28.799999237060547,26.399999618530273,28.200000762939453,17383
1525,2024-09-13,25.799999237060547,28.799999237060547,25.799999237060547,28.200000762939453,24362
1526,2024-09-16,24.600000381469727,26.399999618530273,24.600000381469727,25.799999237060547,25322
1527,2024-09-17,25.200000762939453,25.799999237060547,24.600000381469727,25.799999237060547,16938
1528,2024-09-18,24.0,25.799999237060547,24.0,25.200000762939453,16443
1529,2024-09-19,25.200000762939453,26.399999618530273,25.200000762939453,25.799999237060547,19155
1530,2024-09-20,24.600000381469727,25.799999237060547,24.600000381469727,25.200000762939453,23385
1531,2024-09-23,24.0,25.799999237060547,24.0,24.600000381469727,11950
1532,2024-09-24,25.200000762939453,25.799999237060547,23.399999618530273,24.0,27430
1533,2024-09-25,24.0,25.799999237060547,24.0,25.200000762939453,11962
1534,2024-09-26,26.399999618530273,27.0,24.600000381469727,24.600000381469727,30998
1535,2024-09-27,27.600000381469727,30.600000381469727,25.200000762939453,26.399999618530273,66582
1536,2024-09-30,27.0,28.799999237060547,26.399999618530273,28.200000762939453,24123
1537,2024-10-01,25.200000762939453,27.600000381469727,25.200000762939453,27.0,22513
1538,2024-10-02,25.799999237060547,26.399999618530273,25.200000762939453,25.200000762939453,18910
1539,2024-10-03,26.399999618530273,27.0,25.200000762939453,25.799999237060547,15257
1540,2024-10-04,27.600000381469727,28.200000762939453,26.399999618530273,26.399999618530273,16423
1541,2024-10-07,25.799999237060547,28.200000762939453,25.200000762939453,27.600000381469727,17757
1542,2024-10-08,25.200000762939453,27.0,25.200000762939453,25.799999237060547,11168
1543,2024-10-09,25.200000762939453,25.799999237060547,24.600000381469727,25.200000762939453,10255
1544,2024-10-10,22.200000762939453,25.799999237060547,22.200000762939453,25.200000762939453,62940
1545,2024-10-11,22.200000762939453,22.799999237060547,22.200000762939453,22.200000762939453,50617
1546,2024-10-14,21.0,22.799999237060547,20.399999618530273,22.799999237060547,54125
1547,2024-10-15,19.799999237060547,21.600000381469727,19.799999237060547,21.0,55440
1548,2024-10-16,19.799999237060547,20.399999618530273,18.0,19.799999237060547,85062
1549,2024-10-17,19.799999237060547,20.399999618530273,19.200000762939453,20.399999618530273,23878
1550,2024-10-18,19.799999237060547,20.399999618530273,19.200000762939453,19.799999237060547,22137
1551,2024-10-21,19.200000762939453,21.0,18.600000381469727,21.0,71337
1552,2024-10-22,18.600000381469727,19.200000762939453,18.600000381469727,19.200000762939453,48355
1553,2024-10-23,17.399999618530273,18.600000381469727,16.799999237060547,18.600000381469727,72092
1554,2024-10-24,18.0,18.0,16.799999237060547,18.0,42803
1555,2024-10-25,18.600000381469727,19.200000762939453,17.399999618530273,17.399999618530273,40953
1556,2024-10-28,18.600000381469727,19.200000762939453,18.0,18.600000381469727,54497
1557,2024-10-29,18.600000381469727,19.200000762939453,18.0,18.600000381469727,24108
1558,2024-10-30,20.399999618530273,22.799999237060547,18.0,18.600000381469727,93215
1559,2024-10-31,17.399999618530273,20.399999618530273,15.600000381469727,19.200000762939453,92268
1560,2024-11-01,16.799999237060547,18.0,16.799999237060547,18.0,35835
1561,2024-11-04,16.799999237060547,17.399999618530273,16.200000762939453,16.799999237060547,24562
1562,2024-11-05,18.0,18.0,16.799999237060547,17.399999618530273,37860
1563,2024-11-06,18.0,18.600000381469727,16.799999237060547,18.0,55928
1564,2024-11-07,17.399999618530273,18.600000381469727,17.399999618530273,18.0,51323
1565,2024-11-08,16.799999237060547,18.0,16.200000762939453,18.0,82983
1566,2024-11-11,16.799999237060547,17.399999618530273,16.200000762939453,16.799999237060547,51362
1567,2024-11-12,15.600000381469727,17.399999618530273,15.600000381469727,16.799999237060547,61093
1568,2024-11-13,16.799999237060547,16.799999237060547,15.0,16.200000762939453,88625
1569,2024-11-14,15.600000381469727,16.200000762939453,14.399999618530273,15.600000381469727,95475
1570,2024-11-15,15.0,15.0,14.399999618530273,15.0,47277
1571,2024-11-18,13.800000190734863,15.0,13.199999809265137,15.0,79668
1572,2024-11-19,13.199999809265137,13.800000190734863,13.199999809265137,13.800000190734863,37310
1573,2024-11-20,12.600000381469727,13.800000190734863,12.0,13.800000190734863,66322
1574,2024-11-21,13.199999809265137,13.199999809265137,12.0,12.600000381469727,55495
1575,2024-11-22,13.199999809265137,13.800000190734863,13.199999809265137,13.199999809265137,51047
1576,2024-11-25,15.0,16.200000762939453,13.800000190734863,13.800000190734863,91010
1577,2024-11-26,14.399999618530273,16.200000762939453,14.399999618530273,15.600000381469727,38222
1578,2024-11-27,14.399999618530273,15.600000381469727,13.800000190734863,14.399999618530273,36085
1579,2024-11-29,15.600000381469727,15.600000381469727,14.399999618530273,14.399999618530273,34345
1580,2024-12-02,15.0,16.799999237060547,15.0,16.799999237060547,49425
1581,2024-12-03,14.399999618530273,15.600000381469727,13.800000190734863,15.600000381469727,54927
1582,2024-12-04,14.399999618530273,15.0,13.800000190734863,15.0,30485
1583,2024-12-05,14.399999618530273,14.399999618530273,13.800000190734863,14.399999618530273,40463
1584,2024-12-06,13.800000190734863,14.399999618530273,13.800000190734863,14.399999618530273,41965
1585,2024-12-09,15.600000381469727,16.200000762939453,14.399999618530273,14.399999618530273,102268
1586,2024-12-10,14.399999618530273,16.200000762939453,13.800000190734863,16.200000762939453,67672
1587,2024-12-11,14.399999618530273,15.0,13.800000190734863,14.399999618530273,35177
1588,2024-12-12,14.399999618530273,15.0,13.800000190734863,14.399999618530273,25208
1589,2024-12-13,14.399999618530273,14.399999618530273,13.800000190734863,14.399999618530273,28362
1590,2024-12-16,13.199999809265137,14.399999618530273,13.199999809265137,14.399999618530273,47645
1591,2024-12-17,12.600000381469727,13.199999809265137,12.0,13.199999809265137,56107
1592,2024-12-18,12.600000381469727,13.199999809265137,12.600000381469727,13.199999809265137,71182
1593,2024-12-19,12.0,13.199999809265137,12.0,13.199999809265137,61527
1594,2024-12-20,12.0,12.0,12.0,12.0,41850
1595,2024-12-23,12.0,12.600000381469727,12.0,12.600000381469727,50572
1596,2024-12-24,12.0,12.600000381469727,11.399999618530273,12.600000381469727,26402
1597,2024-12-26,13.199999809265137,13.199999809265137,12.0,12.0,69233
1598,2024-12-27,12.600000381469727,13.199999809265137,12.600000381469727,13.199999809265137,56217
1599,2024-12-30,17.399999618530273,21.0,12.600000381469727,13.199999809265137,705193
1600,2024-12-31,17.399999618530273,21.600000381469727,15.0,21.600000381469727,645962
1601,2025-01-02,15.600000381469727,19.200000762939453,15.0,18.0,219113
1602,2025-01-03,19.200000762939453,22.799999237060547,16.799999237060547,18.600000381469727,1436853
1603,2025-01-06,16.799999237060547,19.799999237060547,16.200000762939453,19.200000762939453,532443
1604,2025-01-07,16.200000762939453,16.799999237060547,15.0,16.799999237060547,212965
1605,2025-01-08,13.800000190734863,16.200000762939453,12.600000381469727,15.600000381469727,366655
1606,2025-01-10,13.800000190734863,14.399999618530273,12.600000381469727,13.800000190734863,115357
1607,2025-01-13,13.199999809265137,13.199999809265137,12.0,13.199999809265137,171103
1608,2025-01-14,12.600000381469727,15.600000381469727,12.0,13.199999809265137,148948
1609,2025-01-15,12.0,13.199999809265137,11.399999618530273,12.600000381469727,197198
1610,2025-01-16,12.600000381469727,12.600000381469727,10.800000190734863,12.0,256510
1611,2025-01-17,11.399999618530273,12.600000381469727,11.399999618530273,12.600000381469727,122022
1612,2025-01-21,10.800000190734863,11.399999618530273,10.199999809265137,11.399999618530273,141558
1613,2025-01-22,11.399999618530273,11.399999618530273,10.800000190734863,11.399999618530273,131142
1614,2025-01-23,7.800000190734863,10.199999809265137,7.800000190734863,10.199999809265137,566973
1615,2025-01-24,7.199999809265137,7.800000190734863,7.199999809265137,7.800000190734863,285360
1616,2025-01-27,5.820000171661377,6.980000019073486,5.75,6.980000019073486,554200
1617,2025-01-28,5.070000171661377,5.760000228881836,5.0,5.699999809265137,616000
1618,2025-01-29,5.139999866485596,5.489999771118164,4.949999809265137,5.03000020980835,479600
1619,2025-01-30,5.75,5.849999904632568,5.039999961853027,5.039999961853027,386900
1620,2025-01-31,5.190000057220459,5.889999866485596,5.119999885559082,5.650000095367432,233700
1621,2025-02-03,5.300000190734863,5.409999847412109,4.75,5.099999904632568,234500
1622,2025-02-04,5.0,5.329999923706055,4.840000152587891,5.300000190734863,250900
1623,2025-02-05,5.380000114440918,5.539999961853027,4.929999828338623,4.989999771118164,391400
1624,2025-02-06,5.71999979019165,6.170000076293945,5.380000114440918,5.440000057220459,437900
1625,2025-02-07,5.840000152587891,5.949999809265137,5.550000190734863,5.670000076293945,116000
1626,2025-02-10,5.21999979019165,5.840000152587891,5.190000057220459,5.800000190734863,187200
1627,2025-02-11,5.400000095367432,5.5,5.159999847412109,5.230000019073486,128600
1628,2025-02-12,5.369999885559082,5.460000038146973,5.050000190734863,5.349999904632568,144500
1629,2025-02-13,5.53000020980835,5.619999885559082,5.230000019073486,5.369999885559082,61100
1630,2025-02-14,5.760000228881836,6.320000171661377,5.46999979019165,5.46999979019165,364500
1631,2025-02-18,5.730000019073486,6.070000171661377,5.670000076293945,5.869999885559082,143300
1632,2025-02-19,5.539999961853027,5.849999904632568,5.449999809265137,5.699999809265137,131600
1633,2025-02-20,5.340000152587891,5.579999923706055,5.199999809265137,5.579999923706055,109300
1634,2025-02-21,5.360000133514404,5.380000114440918,5.139999866485596,5.300000190734863,78700
1635,2025-02-24,4.960000038146973,5.300000190734863,4.840000152587891,5.269999980926514,138500
1636,2025-02-25,4.699999809265137,4.920000076293945,4.460000038146973,4.909999847412109,145800
1637,2025-02-26,4.679999828338623,4.849999904632568,4.639999866485596,4.690000057220459,112900
1638,2025-02-27,4.380000114440918,4.650000095367432,4.329999923706055,4.639999866485596,120100
1639,2025-02-28,4.159999847412109,4.510000228881836,4.099999904632568,4.380000114440918,89600
1640,2025-03-03,4.0,4.389999866485596,3.9200000762939453,4.239999771118164,234700
1641,2025-03-04,3.950000047683716,4.050000190734863,3.7300000190734863,3.930000066757202,102400
1642,2025-03-05,4.099999904632568,4.199999809265137,3.799999952316284,3.890000104904175,132600
1643,2025-03-06,4.099999904632568,4.21999979019165,3.930000066757202,4.050000190734863,68900
1644,2025-03-07,4.079999923706055,4.25,4.0,4.0,93700
1645,2025-03-10,3.7200000286102295,4.170000076293945,3.6600000858306885,4.090000152587891,58500
1646,2025-03-11,3.6700000762939453,3.759999990463257,3.4600000381469727,3.7100000381469727,108100
1647,2025-03-12,3.609999895095825,3.7899999618530273,3.609999895095825,3.7899999618530273,51200
1648,2025-03-13,3.319999933242798,3.7300000190734863,3.299999952316284,3.5999999046325684,56700
1649,2025-03-14,3.4700000286102295,3.559999942779541,3.3299999237060547,3.3499999046325684,89900
1650,2025-03-17,3.4700000286102295,3.559999942779541,3.4600000381469727,3.5,43900
1651,2025-03-18,3.2899999618530273,3.440000057220459,3.2699999809265137,3.440000057220459,71500
1652,2025-03-19,3.299999952316284,3.380000114440918,3.2699999809265137,3.2699999809265137,80800
1653,2025-03-20,3.25,3.3299999237060547,3.1700000762939453,3.2799999713897705,79400
1654,2025-03-21,3.25,3.319999933242798,3.1600000858306885,3.180000066757202,74600
1655,2025-03-24,3.299999952316284,3.430000066757202,3.25,3.2899999618530273,56300
1656,2025-03-25,3.299999952316284,3.390000104904175,3.2200000286102295,3.299999952316284,180400
1657,2025-03-26,3.119999885559082,3.3399999141693115,3.0399999618530273,3.299999952316284,72900
1658,2025-03-27,3.069999933242798,3.2200000286102295,3.049999952316284,3.1600000858306885,43700
1659,2025-03-28,2.9000000953674316,3.0999999046325684,2.8499999046325684,3.0999999046325684,65900
1660,2025-03-31,2.7899999618530273,2.930000066757202,2.680000066757202,2.930000066757202,57100
1661,2025-04-01,3.0999999046325684,3.1700000762939453,2.8399999141693115,2.8499999046325684,134100
1662,2025-04-02,3.75,3.9100000858306885,3.009999990463257,3.130000114440918,216400
1663,2025-04-03,3.359999895095825,3.4800000190734863,3.319999933242798,3.4800000190734863,73600
1664,2025-04-04,3.0299999713897705,3.240000009536743,2.990000009536743,3.240000009536743,90700
1665,2025-04-07,2.950000047683716,3.1600000858306885,2.680000066757202,2.759999990463257,144300
1666,2025-04-08,2.8299999237060547,3.1600000858306885,2.809999942779541,3.049999952316284,130600
1667,2025-04-09,3.0799999237060547,3.1500000953674316,2.880000114440918,2.950000047683716,181300
1668,2025-04-10,4.400000095367432,4.599999904632568,3.0799999237060547,3.0799999237060547,1689000
1669,2025-04-11,4.519999980926514,4.559999942779541,3.9600000381469727,4.380000114440918,320000
1670,2025-04-14,4.820000171661377,5.21999979019165,4.53000020980835,4.699999809265137,378400
1671,2025-04-15,4.46999979019165,4.820000171661377,4.360000133514404,4.800000190734863,196000
1672,2025-04-16,4.050000190734863,4.489999771118164,4.019999980926514,4.46999979019165,134900
1673,2025-04-17,4.050000190734863,4.230000019073486,4.0,4.050000190734863,88400
1674,2025-04-21,4.0,4.099999904632568,3.799999952316284,4.099999904632568,122200
1675,2025-04-22,4.0,4.25,3.9600000381469727,4.050000190734863,102200
1676,2025-04-23,4.099999904632568,4.300000190734863,4.059999942779541,4.190000057220459,94700
1677,2025-04-24,4.25,4.340000152587891,4.170000076293945,4.179999828338623,56500
1678,2025-04-25,4.300000190734863,4.400000095367432,4.21999979019165,4.25,74700
1679,2025-04-28,4.349999904632568,4.519999980926514,4.199999809265137,4.360000133514404,104900
1680,2025-04-29,4.150000095367432,4.480000019073486,4.079999923706055,4.369999885559082,70300
1681,2025-04-30,3.990000009536743,4.130000114440918,3.8299999237060547,4.130000114440918,78200
1682,2025-05-01,4.0,4.119999885559082,3.9100000858306885,3.940000057220459,37600
1683,2025-05-02,4.050000190734863,4.230000019073486,3.880000114440918,4.010000228881836,63000
1684,2025-05-05,3.950000047683716,4.139999866485596,3.9200000762939453,4.0,37500
1685,2025-05-06,3.700000047683716,3.940000057220459,3.700000047683716,3.9000000953674316,61500
1686,2025-05-07,3.690000057220459,3.759999990463257,3.609999895095825,3.75,35000
1687,2025-05-08,3.8499999046325684,3.940000057220459,3.7100000381469727,3.75,44500
1688,2025-05-09,3.8399999141693115,3.950000047683716,3.799999952316284,3.869999885559082,22400
1689,2025-05-12,3.9100000858306885,4.099999904632568,3.8499999046325684,4.079999923706055,70500
1690,2025-05-13,3.950000047683716,4.039999961853027,3.9100000858306885,3.990000009536743,94300
1691,2025-05-14,3.740000009536743,4.079999923706055,3.740000009536743,4.039999961853027,506000
1692,2025-05-15,3.930000066757202,4.949999809265137,3.859999895095825,4.300000190734863,747600
1693,2025-05-16,3.7899999618530273,4.170000076293945,3.7699999809265137,4.070000171661377,239200
1694,2025-05-19,3.740000009536743,3.8499999046325684,3.5799999237060547,3.7899999618530273,147000
1695,2025-05-20,3.7699999809265137,3.9600000381469727,3.75,3.9100000858306885,121700
1696,2025-05-21,3.619999885559082,3.7699999809265137,3.549999952316284,3.740000009536743,104300
1697,2025-05-22,3.7699999809265137,3.7699999809265137,3.4100000858306885,3.5799999237060547,106200
1698,2025-05-23,3.7200000286102295,3.880000114440918,3.5899999141693115,3.5899999141693115,55600
1699,2025-05-27,3.7699999809265137,3.869999885559082,3.75,3.759999990463257,62600
1700,2025-05-28,3.700000047683716,3.859999895095825,3.6700000762939453,3.7699999809265137,61100
1701,2025-05-29,3.6500000953674316,3.8299999237060547,3.619999885559082,3.7200000286102295,39300
1702,2025-05-30,3.6700000762939453,3.7699999809265137,3.569999933242798,3.619999885559082,38500
1703,2025-06-02,3.680000066757202,3.7100000381469727,3.630000114440918,3.6700000762939453,47800
1704,2025-06-03,3.690000057220459,3.759999990463257,3.6600000858306885,3.6600000858306885,74800
1705,2025-06-04,3.700000047683716,3.7699999809265137,3.6600000858306885,3.7200000286102295,74300
1706,2025-06-05,3.680000066757202,3.7799999713897705,3.6700000762939453,3.75,62400
1707,2025-06-06,3.75,3.7799999713897705,3.700000047683716,3.75,49600
1708,2025-06-09,3.6700000762939453,3.75,3.630000114440918,3.75,57900
1709,2025-06-10,3.6700000762939453,3.7799999713897705,3.640000104904175,3.7200000286102295,62000
1710,2025-06-11,3.6700000762939453,3.7799999713897705,3.5999999046325684,3.6600000858306885,42900
1711,2025-06-12,3.700000047683716,3.7799999713897705,3.6600000858306885,3.6700000762939453,74000
1712,2025-06-13,3.6500000953674316,3.7100000381469727,3.549999952316284,3.6500000953674316,51200
1713,2025-06-16,3.5399999618530273,3.700000047683716,3.5199999809265137,3.700000047683716,115100
1714,2025-06-17,3.259999990463257,3.5199999809265137,3.25,3.5,115200
1715,2025-06-18,3.319999933242798,3.4000000953674316,3.190000057220459,3.3499999046325684,74800
1716,2025-06-20,3.200000047683716,3.369999885559082,3.200000047683716,3.369999885559082,78500
1717,2025-06-23,3.2699999809265137,3.299999952316284,3.180000066757202,3.2699999809265137,67100
1718,2025-06-24,3.25,3.4100000858306885,3.240000009536743,3.3299999237060547,157300
1719,2025-06-25,3.380000114440918,3.440000057220459,3.319999933242798,3.4000000953674316,101900
1720,2025-06-26,3.2899999618530273,3.4700000286102295,3.180000066757202,3.4700000286102295,191900
1721,2025-06-27,3.2899999618530273,3.450000047683716,3.240000009536743,3.299999952316284,39600
1722,2025-06-30,3.2799999713897705,3.4000000953674316,3.2699999809265137,3.309999942779541,45600
1723,2025-07-01,3.299999952316284,3.4000000953674316,3.25,3.309999942779541,64200
1724,2025-07-02,3.4000000953674316,3.4600000381469727,3.2899999618530273,3.309999942779541,130600
1725,2025-07-03,3.369999885559082,3.450000047683716,3.369999885559082,3.440000057220459,52300
